   4.0571250e+02  -1.9696250e+02   1.0000000e+00   0.0000000e+00
   4.0495455e+02  -2.9512500e+02   1.0000000e+00   0.0000000e+00
   4.0302597e+02  -5.2544156e+02   1.0000000e+00   0.0000000e+00
   4.0009459e+02  -7.2270270e+02   1.0000000e+00   0.0000000e+00
   7.5368421e+02  -1.3034211e+02   1.0000000e+00   0.0000000e+00
   7.5300000e+02  -3.6000000e+02   1.0000000e+00   0.0000000e+00
   7.5190541e+02  -4.9229730e+02   1.0000000e+00   0.0000000e+00
   7.4915714e+02  -6.9107143e+02   1.0000000e+00   0.0000000e+00
   1.9696250e+02   4.0571250e+02   0.0000000e+00   1.0000000e+00
   2.9512500e+02   4.0495455e+02   0.0000000e+00   1.0000000e+00
   5.2544156e+02   4.0302597e+02   0.0000000e+00   1.0000000e+00
   7.2270270e+02   4.0009459e+02   0.0000000e+00   1.0000000e+00
   1.3034211e+02   7.5368421e+02   0.0000000e+00   1.0000000e+00
   3.6000000e+02   7.5300000e+02   0.0000000e+00   1.0000000e+00
   4.9229730e+02   7.5190541e+02   0.0000000e+00   1.0000000e+00
   6.9107143e+02   7.4915714e+02   0.0000000e+00   1.0000000e+00
