21,-75.2866,49.0147,-925.728,7.76011,49.5418,-1163.08,6.44889,49.1888,-1044.24,4.62572,48.3097,-925.109,164.476,47.5487,-923.465
51,-75.2909,48.9894,-925.706,7.75423,49.5473,-1163.11,6.44291,49.1969,-1044.24,4.59884,48.3157,-925.075,164.455,47.5698,-923.542
59,-75.2495,48.9515,-925.717,7.78569,49.5343,-1163.09,6.40572,49.2248,-1044.28,4.60564,48.324,-925.063,164.488,47.5556,-923.489
79,-75.2483,49.0248,-925.735,7.74549,49.5788,-1163.08,6.42707,49.2227,-1044.28,4.633,48.3403,-925.064,164.471,47.54,-923.497
83,-75.2778,49.0143,-925.707,7.77886,49.567,-1163.09,6.43769,49.2283,-1044.25,4.55978,48.3671,-925.05,164.491,47.605,-923.477
91,-75.2499,48.9932,-925.736,7.74838,49.5858,-1163.12,6.47402,49.1888,-1044.25,4.62997,48.3473,-925.056,164.526,47.5778,-923.425
98,-75.2871,48.9958,-925.715,7.80105,49.5346,-1163.09,6.41716,49.249,-1044.25,4.60528,48.3173,-925.077,164.433,47.5337,-923.516
106,-75.2484,48.9969,-925.759,7.82774,49.5494,-1163.09,6.4689,49.1721,-1044.26,4.59191,48.3197,-925.092,164.458,47.4845,-923.471
113,-75.2535,48.9853,-925.719,7.77978,49.5666,-1163.07,6.44658,49.2425,-1044.27,4.64489,48.3003,-925.094,164.469,47.5341,-923.506
121,-75.276,49.0061,-925.73,7.80729,49.5659,-1163.1,6.47083,49.1959,-1044.24,4.62185,48.3203,-925.032,164.463,47.5341,-923.476
125,-75.283,48.9952,-925.721,7.7402,49.5436,-1163.14,6.43572,49.184,-1044.24,4.57062,48.3157,-925.082,164.497,47.5409,-923.499
133,-75.2622,48.9724,-925.7,7.80291,49.5787,-1163.06,6.41955,49.2185,-1044.25,4.63396,48.3084,-925.076,164.49,47.5813,-923.452
141,-75.1656,48.6229,-925.487,7.80278,49.5514,-1163.1,6.43545,49.1937,-1044.28,4.61393,48.3234,-925.062,164.52,47.5419,-923.533
145,-75.2947,49.0141,-925.726,7.79174,49.5551,-1163.11,6.42205,49.2223,-1044.26,4.63488,48.3677,-925.053,164.462,47.5687,-923.478
152,-75.2465,48.9747,-925.731,7.61267,49.6358,-1163.3,6.43666,49.2275,-1044.24,4.61554,48.2883,-925.065,164.46,47.5506,-923.487
160,-75.2799,49.0136,-925.714,7.6189,49.6484,-1163.28,6.48137,49.2002,-1044.18,4.60017,48.312,-925.088,164.46,47.5861,-923.46
164,-75.2936,48.9598,-925.7,7.77583,49.5319,-1163.08,6.25666,49.5369,-1044.14,4.60432,48.3292,-925.115,164.478,47.5266,-923.511
172,-75.2703,48.938,-925.752,7.54369,50.0361,-1163.05,6.25666,49.5548,-1044.13,4.59691,48.3134,-925.063,164.462,47.5556,-923.487
180,-75.2648,48.986,-925.701,7.37452,50.1247,-1163.22,6.18717,49.4772,-1044.27,4.61462,48.3321,-925.096,164.459,47.5349,-923.503
184,-75.2791,48.9746,-925.702,7.33829,50.0637,-1163.24,6.4183,49.2075,-1044.24,4.61632,48.2978,-925.099,164.37,47.4821,-923.529
192,-75.2936,49.0159,-925.744,7.34949,50.0658,-1163.25,6.42474,49.2101,-1044.23,4.60566,48.347,-925.067,164.518,47.5546,-923.462
200,-75.2923,48.991,-925.692,7.33337,50.0547,-1163.25,6.413,49.218,-1044.21,4.60387,48.3593,-925.093,164.479,47.5638,-923.459
204,-75.2582,48.9831,-925.744,7.36826,50.0763,-1163.26,6.42506,49.1866,-1044.23,4.56186,48.3259,-925.06,164.462,47.5626,-923.485
212,-75.2804,48.9568,-925.74,7.35579,50.0779,-1163.25,6.49392,49.1851,-1044.23,4.60857,48.3293,-925.096,164.484,47.562,-923.443
220,-75.277,49.0253,-925.734,7.35361,50.0631,-1163.24,6.42215,49.2588,-1044.27,4.59288,48.294,-925.128,164.176,47.9006,-923.55
224,-75.1616,48.6692,-925.445,7.34725,50.0176,-1163.28,6.44391,49.2014,-1044.27,4.61024,48.3227,-925.067,164.186,47.879,-923.548
231,-75.2619,49.045,-925.701,7.58826,49.6318,-1163.32,6.41837,49.2362,-1044.24,4.60675,48.3465,-925.059,164.197,47.8971,-923.516
239,-75.2207,49.0146,-925.709,7.82242,49.5439,-1163.12,6.43737,49.2178,-1044.23,4.64299,48.3607,-925.037,164.164,47.9019,-923.489
247,-75.2431,49.0128,-925.716,7.75734,49.5275,-1163.11,6.38663,49.2188,-1044.27,4.60106,48.3296,-925.042,164.161,47.9128,-923.526
255,-75.2751,49.0124,-925.731,7.76143,49.5864,-1163.08,6.43227,49.2341,-1044.25,4.60478,48.3646,-925.059,163.898,47.4769,-923.84
259,-75.2697,48.9969,-925.746,7.57017,49.6663,-1163.31,6.41341,49.2417,-1044.25,4.64281,48.3654,-925.026,164.009,47.9745,-923.476
267,-75.2783,49.0154,-925.713,7.29372,49.9858,-1163.31,6.44917,49.2299,-1044.27,4.60593,48.3501,-925.065,163.954,47.9902,-923.514
275,-75.3034,49.0099,-925.737,7.33383,50.0502,-1163.23,6.43386,49.2925,-1044.22,4.52971,48.4488,-924.988,163.95,47.9076,-923.489
282,-75.2084,48.6192,-925.491,7.1197,50.2024,-1163.11,6.41179,49.2373,-1044.21,4.61171,48.4497,-925.012,164.112,47.9428,-923.417
290,-75.3402,49.4529,-925.528,7.1066,50.278,-1163.13,6.16959,49.7355,-1044.04,4.65449,48.4257,-924.966,164.401,47.4397,-923.538
298,-75.3167,49.4288,-925.481,7.08406,50.2909,-1163.12,6.13043,49.716,-1044.02,4.63909,48.4116,-925.011,164.408,47.498,-923.536
306,-75.3592,49.474,-925.492,7.07856,50.2373,-1163.14,6.21358,49.7114,-1044,4.6145,48.419,-924.983,164.374,47.5276,-923.547
314,-75.3119,49.4454,-925.483,7.12464,50.2556,-1163.14,6.21272,49.6859,-1043.96,4.25424,48.8015,-925.015,164.353,47.5598,-923.579
318,-75.3508,49.3165,-925.522,7.1228,50.264,-1163.13,6.1985,49.6853,-1044,4.33014,48.8608,-924.882,164.323,47.4813,-923.545
326,-75.1752,48.8858,-925.778,7.12231,50.2633,-1163.14,6.21595,49.7285,-1044,4.61186,48.4174,-925.013,164.324,47.4855,-923.554
330,-75.1673,48.8885,-925.739,7.09833,50.2617,-1163.15,6.27528,49.5292,-1044.04,4.62876,48.4004,-925.003,164.274,47.4862,-923.519
338,-75.1399,48.8984,-925.757,7.37521,49.7465,-1163.28,6.43533,49.1917,-1044.16,4.61459,48.367,-925.001,164.354,47.4668,-923.543
342,-75.1542,48.8559,-925.768,7.41969,49.7267,-1163.3,6.39988,49.208,-1044.16,4.68527,48.3957,-924.964,164.312,47.4967,-923.568
350,-75.1595,48.8755,-925.75,7.60683,49.6877,-1163.07,6.41517,49.2149,-1044.23,4.67269,48.4219,-924.993,164.328,47.4742,-923.525
354,-75.1723,48.9272,-925.737,7.64701,49.6812,-1163.08,6.39958,49.1955,-1044.2,4.66017,48.4102,-924.979,164.274,47.47,-923.528
362,-75.1595,48.8859,-925.734,7.62656,49.6572,-1163.07,6.40821,49.2635,-1044.26,4.6368,48.3839,-925.011,164.313,47.4592,-923.551
370,-75.1734,48.8481,-925.764,7.67283,49.6692,-1163.07,6.37115,49.2426,-1044.23,4.64579,48.3667,-924.997,164.269,47.4577,-923.582
374,-75.1503,48.8927,-925.733,7.65833,49.7848,-1163.07,6.38417,49.2345,-1044.2,4.68182,48.3934,-924.974,164.339,47.4872,-923.543
387,-75.1528,48.8993,-925.746,7.67221,49.7307,-1163.01,6.36352,49.2524,-1044.22,4.66386,48.4156,-924.972,164.364,47.4544,-923.537
393,-75.2427,48.8964,-925.837,7.86881,49.7867,-1163.07,6.51107,49.2396,-1044.23,4.5897,48.3893,-924.959,164.258,47.5108,-923.287
397,-75.2088,48.8988,-925.843,7.95029,49.7614,-1163.09,6.50762,49.2435,-1044.22,4.58009,48.3495,-924.997,164.213,47.5159,-923.221
404,-75.2478,48.892,-925.842,7.95603,49.7856,-1163.09,6.52188,49.2884,-1044.25,4.56837,48.227,-925.15,164.249,47.4857,-923.201
412,-75.2672,48.8331,-925.859,7.94052,49.8236,-1163.06,6.53377,49.2352,-1044.23,4.61508,48.3612,-924.995,164.221,47.5021,-923.218
420,-75.1546,48.8602,-925.718,7.54799,49.7511,-1163.05,6.34717,49.2473,-1044.24,4.71774,48.3724,-924.947,164.366,47.4472,-923.623
424,-75.2393,48.6749,-925.604,7.55418,50.1682,-1162.88,6.27904,49.3869,-1044.14,4.67089,48.3068,-924.838,164.312,47.4392,-923.554
428,-75.4135,48.3333,-925.502,7.97205,51.0471,-1162.6,6.42538,49.6555,-1043.91,4.50299,47.9458,-924.812,164.089,47.453,-922.841
435,-76.0784,47.6628,-925.687,9.04389,52.3255,-1162.14,6.81779,50.3202,-1043.46,3.95022,47.6808,-924.157,163.609,47.3335,-921.443
439,-76.2218,47.305,-925.657,10.2003,53.3359,-1161.83,7.24924,50.7131,-1043.06,3.62172,47.4722,-923.894,163.076,47.284,-920.183
447,-76.7221,46.5652,-925.806,11.9786,55.4754,-1161.18,7.94732,51.7259,-1042.23,2.99314,46.9965,-923.331,162.531,47.329,-917.93
451,-76.7543,46.3415,-925.641,11.8914,56.0964,-1160.96,7.95781,51.9906,-1042,2.94427,46.8188,-923.115,162.461,47.2976,-917.738
459,-76.832,46.3126,-925.786,12.2091,56.0828,-1160.94,8.05755,51.9894,-1041.99,2.85433,46.8326,-923.119,162.38,47.3041,-917.396
467,-76.7332,45.6513,-925.011,11.4111,57.676,-1160.47,7.68503,52.6556,-1041.46,2.92278,46.4159,-922.635,162.439,47.2981,-917.607
471,-76.6611,45.3365,-924.426,10.8427,58.5347,-1160.15,7.40142,52.9853,-1041.18,2.99869,46.0727,-922.262,162.544,47.2211,-917.79
479,-76.4053,45.1342,-923.243,9.68882,59.3064,-1159.66,6.81026,53.2018,-1040.52,3.36195,45.7638,-921.507,162.846,47.1915,-918.08
482,-76.3802,45.0067,-922.646,9.03003,59.9935,-1159.15,6.58365,53.4494,-1040.13,3.43079,45.5431,-921.093,162.925,47.1898,-918.172
490,-76.3585,44.0662,-921.136,7.60673,63.0621,-1157.23,5.40004,54.1864,-1038.92,3.59307,44.5418,-919.801,163.155,47.098,-917.603
498,-76.3129,44.4268,-919.086,5.16909,69.2748,-1155.45,4.73344,57.4847,-1036.81,3.49673,44.4072,-917.951,163.079,47.0148,-917.032
502,-76.6278,44.9219,-918.191,4.10538,73.0016,-1154.38,3.80856,59.7531,-1036.09,3.29119,44.7436,-917.294,162.784,46.97,-917.257
510,-77.686,49.5011,-918.792,1.57671,86.5647,-1154.27,2.38581,68.7561,-1036.76,2.47738,49.7425,-919.029,161.744,49.2653,-920.281
514,-77.8535,57.5276,-919.727,0.2509,97.2794,-1155.5,1.66317,77.7795,-1038.24,1.16908,56.7449,-922.215,161.195,55.9802,-922.596
522,-77.2809,90.167,-921.929,-1.6402,128.143,-1158.58,0.525113,107.915,-1041.86,2.45249,87.2269,-924.107,161.604,80.4179,-929.131
526,-76.7969,112.7,-922.109,-2.70184,148.05,-1159.62,0.423723,128.656,-1042.51,2.60227,108.368,-924.517,161.657,99.895,-931.192
534,-77.4963,162.786,-920.756,-3.59511,195.049,-1159.02,-0.605915,177.846,-1041.67,1.80442,159.71,-923.668,161.629,153.113,-928.743
542,-77.6732,223.33,-916.669,-2.9897,251.672,-1155.21,-0.28316,236.756,-1037.33,1.31937,220.502,-918.636,161.628,215.334,-923.468
546,-77.9053,257.423,-913.772,-2.62682,282.72,-1152.74,0.00752888,269.655,-1034.37,1.01298,254.842,-915.44,160.991,250.965,-920.078
554,-77.9981,330.005,-908.333,-0.990553,351.039,-1147.09,0.360703,340.341,-1028.27,1.25293,328.375,-909.353,160.536,326.641,-912.602
562,-77.793,409.405,-902.102,1.56394,425.455,-1140.36,2.21229,417.157,-1021.7,2.22256,408.012,-902.928,161.589,405.214,-904.805
566,-76.1341,451.215,-898.7,2.92805,465.417,-1137.16,3.42522,458.059,-1018.61,3.60821,449.191,-899.705,162.874,445.792,-901.232
574,-73.3254,537.608,-891.66,5.19337,549.709,-1130.74,6.01139,542.625,-1011.64,6.13139,534.77,-892.491,165.446,529.368,-894.867
578,-72.4132,582.923,-888.454,6.16807,593.97,-1127.34,6.96405,587.367,-1008.25,7.0407,580.008,-889.54,166.782,574.299,-891.921
586,-70.2885,676.011,-881.793,7.91091,684.873,-1120.51,9.35601,679.359,-1001.77,9.12996,672.75,-883.265,168.999,666.712,-884.774
594,-67.1653,770.473,-874.864,10.3661,776.009,-1114.14,12.0824,772.002,-995.352,12.4516,767.191,-876.118,171.843,761.373,-878.913
598,-65.866,817.409,-871.358,11.3785,821.337,-1111.42,12.8478,818.336,-991.508,13.631,814.095,-872.776,173.533,808.01,-875.29
606,-62.7672,908.858,-864.82,14.2954,908.284,-1104.97,15.6194,907.656,-985.453,16.9299,906.012,-866.179,175.993,901.134,-868.639
614,-60.2851,995.671,-860.607,17.5764,990.251,-1100.26,18.7331,992.641,-980.868,18.9233,993.819,-861.692,178.693,990.934,-863.744
621,-58.348,1066.56,-859.795,21.2148,1054.22,-1098.48,21.3976,1060.17,-979.363,21.5173,1065.03,-860.049,180.913,1063.96,-861.345
625,-57.0466,1103.06,-860.087,23.1827,1087.49,-1097.84,22.7224,1095.24,-979.004,22.1972,1102.33,-860.088,181.602,1101.41,-860.701
637,-55.1805,1192.37,-862.251,28.967,1165.57,-1097.49,26.6142,1178.42,-979.238,24.4377,1191.31,-861.008,184.248,1189.99,-858.39
640,-54.9648,1208.38,-862.254,29.1617,1179.63,-1097.78,27.736,1193.95,-978.875,24.4607,1207.76,-861.218,184.3,1206.66,-857.985
646,-55.5029,1233.51,-861.802,30.693,1201.84,-1096.81,28.4658,1217.66,-978.16,24.4324,1233.6,-860.582,183.576,1232.86,-856.637
654,-57.2893,1255.9,-862.454,30.5675,1219.57,-1095.7,27.1514,1237.93,-977.939,22.4509,1254.33,-859.268,182.029,1252.57,-854.588
662,-59.6884,1264.89,-862.673,30.1937,1226.11,-1094.62,25.7397,1245.09,-977,20.1079,1262.87,-859.261,178.851,1259.33,-852.273
666,-60.8746,1264.12,-861.552,29.5234,1226.31,-1093.89,24.7342,1245.07,-976.127,18.6894,1262.75,-858.404,177.813,1260.1,-850.941
674,-62.8049,1254.75,-857.96,27.5032,1222.24,-1090.56,22.028,1239.07,-972.621,16.4816,1255.04,-854.373,175.753,1256.28,-848.375
682,-64.3964,1240.68,-852.866,24.7013,1214.09,-1086.57,21.1813,1228.06,-968.096,15.3793,1241.24,-849.568,174.316,1243.5,-844.234
689,-65.574,1227.82,-848.148,23.1263,1205.56,-1083.08,19.0825,1216.61,-963.779,14.1519,1228.06,-845.404,173.928,1227.66,-840.652
697,-67.8557,1212.16,-843.506,19.7073,1195.45,-1078.95,16.5975,1203.94,-959.19,11.7098,1212.75,-840.83,171.229,1214.12,-836.517
704,-70.8092,1199.26,-838.924,17.5342,1187.38,-1073.84,14.2241,1194.04,-954.833,9.20464,1200.36,-836.158,168.256,1204.2,-831.318
708,-72.3549,1193.57,-835.061,16.7399,1183.49,-1070.4,12.0821,1190.1,-951.608,7.32752,1195.58,-832.652,167.016,1199.2,-827.851
716,-75.4207,1186.2,-826.025,13.1935,1178.51,-1061.7,9.1992,1183.83,-942.589,4.42212,1188.65,-823.826,163.484,1193.35,-819.504
720,-77.1423,1184.03,-820.628,10.9098,1176.9,-1056.27,7.10217,1181.97,-936.84,2.68798,1186.28,-817.979,161.832,1191.95,-814.028
728,-80.5204,1183.33,-805.794,6.09914,1175.21,-1041.89,3.33143,1180.79,-923.139,-0.968076,1185.86,-803.691,158.454,1191.16,-799.765
732,-82.6038,1182.96,-797.03,4.07974,1174.76,-1032.9,0.867337,1180.58,-913.603,-2.56061,1185.52,-794.977,156.38,1192.16,-791.698
740,-87.0285,1183.36,-774.377,-1.38621,1175.04,-1010.96,-3.82935,1181.37,-891.748,-7.70064,1186.97,-772.865,151.723,1195.14,-770.074
744,-89.6296,1184.16,-761.121,-3.74287,1174.4,-997.734,-6.20214,1181.91,-878.793,-9.71928,1188.25,-759.914,149.526,1195.99,-757.45
752,-92.0726,1186.64,-730.12,-8.80727,1174.43,-967.765,-9.97798,1182.7,-848.113,-12.434,1189.44,-729.386,146.741,1195.74,-728.284
759,-93.2275,1187.62,-697.695,-12.0438,1173.79,-935.981,-12.521,1182.38,-816.826,-13.6118,1189.73,-697.953,145.146,1194.76,-697.802
763,-94.29,1186.83,-677.564,-13.1883,1173.42,-915.671,-13.4223,1180.92,-796.637,-14.5507,1188.77,-677.563,144.461,1194.43,-678.576
770,-94.3756,1184.08,-638.04,-14.3646,1170.7,-876.486,-14.3266,1178.83,-757.411,-14.8873,1186.23,-638.653,144.386,1190.84,-639.829
774,-93.6898,1182.18,-613.448,-14.9476,1168.51,-852.099,-13.9775,1176.94,-733,-13.9603,1184,-613.997,144.98,1188.29,-615.637
782,-91.4345,1178.15,-558.731,-13.6154,1163.81,-797.737,-12.2711,1172.29,-678.991,-11.6798,1179.13,-559.67,147.41,1183.21,-562.683
790,-87.2495,1176.82,-499.216,-9.82294,1160.25,-738.757,-8.35947,1168.71,-619.645,-7.58233,1177.32,-500.033,152.14,1179.23,-503.542
794,-84.4953,1177.14,-467.875,-6.97668,1159.44,-707.031,-5.83414,1168.46,-588.311,-5.54875,1177.1,-469.623,154.247,1178.84,-472.071
802,-79.7084,1179.74,-401.999,-0.11857,1159.74,-640.274,-0.397265,1170.09,-521.676,-0.051129,1179.91,-402.838,159.341,1180.77,-404.192
810,-74.9932,1182.6,-333.498,7.91942,1163.7,-569.955,6.61414,1174.37,-451.173,5.10685,1184.18,-332.361,164.37,1187.82,-331.846
818,-69.3931,1186.62,-261.157,15.729,1171,-497.655,13.6172,1180.82,-379.222,10.7956,1190.42,-260.035,169.889,1198.08,-257.816
822,-66.8234,1189.94,-224.22,19.1418,1175.07,-460.277,16.7266,1185.23,-341.14,13.3584,1194.13,-222.297,172.359,1203.02,-219.672
830,-62.1852,1198.21,-148.463,24.8288,1184.15,-384.992,21.5346,1194.07,-265.723,17.2978,1202.92,-147.439,176.354,1213.48,-143.872
838,-58.5132,1207.95,-72.4076,28.4515,1193.12,-308.5,25.3793,1202.82,-189.274,21.5167,1211.95,-70.516,180.347,1220.61,-67.56
842,-57.1937,1211.39,-33.3797,28.9094,1196.41,-269.813,26.575,1206.52,-150.687,22.7715,1214.91,-31.833,181.863,1223.07,-29.1349
850,-57.1029,1214.53,45.0192,28.38,1200.46,-191.234,26.1749,1209.65,-72.6303,23.2567,1218.53,46.3985,182.055,1227.07,48.5033
858,-59.3485,1213.59,124.003,25.3903,1200.47,-112.605,23.3621,1209.83,5.44962,20.7671,1218.6,124.735,179.648,1229.02,126.052
862,-60.6912,1212.6,163.372,23.0191,1198.39,-73.726,21.4884,1208.33,45.4307,19.1702,1217.46,164.032,177.906,1228.34,164.726
870,-65.0276,1210.23,244.032,16.5429,1191.98,6.6802,16.0804,1203.46,125.089,14.8415,1214.32,243.383,173.712,1222.63,243.121
874,-67.722,1208.31,284.267,12.8105,1188.33,46.6745,12.9501,1200.36,165.382,12.2027,1211.65,283.68,171.108,1219.49,282.677
882,-73.671,1203.13,366.236,4.16067,1182.19,127.963,5.4493,1195.33,245.942,6.1213,1207.96,364.712,165.191,1218.29,361.391
886,-76.2046,1203.07,406.243,0.0887518,1180.82,167.149,2.08757,1194.45,285.523,3.5374,1207.7,403.981,162.473,1217.31,399.745
893,-80.3586,1205.7,474.347,-5.67342,1182.65,235.109,-2.85388,1195.83,353.664,-0.280664,1208.76,472.13,158.595,1215.29,466.835
901,-82.9867,1210.94,551.854,-11.8936,1188.7,311.375,-7.35697,1201.39,429.539,-3.41858,1213.71,548.558,155.667,1219.34,541.321
905,-84.0913,1215.99,587.955,-13.7308,1192.79,347.573,-8.75338,1205.35,466.08,-4.37934,1217.24,584.804,154.75,1220.14,577.346
909,-85.4737,1219.45,622.994,-15.2302,1196.84,382.219,-10.3664,1208.53,500.516,-5.92266,1219.78,619.002,153.351,1222.21,611.815
917,-89.3076,1223.18,687.077,-17.906,1203.65,446.324,-13.5378,1214.14,565.109,-9.53378,1223.92,683.767,149.603,1226.8,677.07
925,-91.7507,1226.01,744.115,-18.7199,1208.79,504.234,-15.3728,1218.47,622.54,-12.2336,1227.52,741.667,147.21,1231.39,736.003
933,-91.1716,1231.47,795.026,-17.3728,1212.8,555.656,-14.2955,1222.49,673.904,-11.5523,1232.09,793.035,147.689,1234.42,787.751
937,-90.0618,1234.73,818.249,-15.9425,1214.44,578.576,-12.6201,1224.85,697.414,-10.2727,1234.59,816.234,149.065,1234.99,811.481
945,-86.9447,1240.41,860.255,-11.7582,1217.78,620.923,-9.06056,1228.89,739.708,-7.43633,1239.27,858.567,152.277,1238.59,854.633
952,-83.2481,1245.81,891.89,-7.31173,1220.92,653.723,-5.06572,1232.71,772.079,-3.67874,1243.93,890.729,156.121,1241.26,887.401
960,-80.0755,1250.14,920.695,-2.15167,1224.34,683.414,-0.754483,1237.15,801.503,-0.366663,1249.47,920.214,159.331,1249.32,918.211
967,-77.2264,1251.25,942.248,2.01596,1226.45,704.723,2.64388,1239.58,823.16,2.40309,1251.75,941.56,162.265,1254.65,940.156
971,-74.9204,1251.9,952.42,4.49461,1227.09,715.099,4.48089,1239.95,833.168,4.36965,1252.38,951.934,164.494,1254.82,950.616
979,-72.0239,1251.73,968.34,7.26479,1228.06,731.433,8.01812,1240.33,849.761,7.95144,1252.02,967.894,167.89,1254.09,967.159
987,-69.4902,1252.33,979.019,8.93199,1227.78,741.194,10.0571,1240.2,859.505,10.0279,1252.04,978.514,169.723,1253.41,976.963
991,-69.4282,1252.02,982.012,9.60342,1227.51,744.012,10.1789,1239.92,862.614,10.058,1251.55,981.212,169.593,1253.1,980.15
999,-70.455,1249.89,984.389,9.49153,1227.18,747.496,10.1084,1239,865.979,8.9999,1250.08,984.446,169.008,1252.26,983.794
1006,-71.1561,1249.06,983.631,8.86255,1226.65,746.174,9.01056,1237.94,864.496,7.98685,1248.87,983.275,167.889,1250.92,982.887
1010,-72.1586,1248.21,981.109,8.04447,1226.39,743.36,8.06792,1237.69,861.964,7.24532,1248.3,980.872,167.058,1250.7,980.25
1018,-74.8014,1247.51,971.88,5.92712,1226.4,734.397,6.05399,1237.45,853.501,4.69807,1247.63,971.776,164.68,1250.22,971.975
1026,-77.964,1247.74,957.57,3.06014,1226.69,720.698,2.94664,1237.68,839.113,1.65138,1248.04,957.866,161.499,1250.15,957.924
1034,-81.6832,1247.34,938.053,-0.294924,1226.8,701.31,-0.985757,1237.67,819.324,-1.9466,1248,938.294,158.044,1250.61,938.521
1042,-84.9749,1247.3,913.008,-3.8162,1227.12,676.179,-3.78227,1237.98,794.638,-5.25504,1248.12,913.361,154.385,1251.46,913.13
1049,-86.5867,1248.32,885.557,-5.98181,1228.21,648.278,-5.93978,1239.23,766.995,-7.03961,1249.28,885.604,152.68,1252.42,885.352
1053,-87.0064,1248.65,868.111,-7.03314,1228.71,630.055,-7.16974,1239.57,749.243,-7.72266,1249.62,867.905,151.789,1253.18,867.282
1060,-87.4575,1247.07,835.818,-8.49992,1229.51,597.704,-7.98296,1239.88,716.552,-7.92466,1249.18,834.969,151.66,1254.93,833.395
1071,-86.3381,1246.63,778.282,-10.1305,1229.47,539.177,-7.96507,1238.52,657.941,-6.79133,1246.89,776.751,152.605,1248.85,773.529
1075,-86.6884,1244.59,755.742,-10.8393,1228.98,516.418,-8.58062,1237.4,635.226,-7.16062,1245.48,754.284,152.043,1248.12,750.574
1083,-87.1471,1244.36,708.401,-11.2407,1229.12,468.715,-9.05951,1237.05,587.478,-7.3982,1244.98,706.789,151.98,1246.58,702.973
1091,-87.8561,1248.08,657.189,-11.2723,1230.25,417.918,-9.24999,1239.32,536.802,-8.17688,1247.88,655.67,151.207,1248.53,652.425
1095,-88.6637,1250.8,630.382,-11.5719,1231.29,391.426,-9.65441,1241.38,510.796,-8.53957,1250.41,629.456,150.45,1250.39,626.494
1103,-90.3421,1257.75,574.058,-10.9415,1234.8,336.194,-10.2791,1246.13,455.127,-10.342,1256.86,573.686,148.864,1255.97,573.022
1107,-91.1359,1261.33,544.623,-9.98952,1236.76,307.36,-10.0399,1248.97,426.349,-11.3683,1260.51,544.591,147.978,1259.73,544.927
1115,-90.9018,1270.48,484.008,-7.55878,1241.97,247.98,-9.196,1255.18,366.091,-11.0475,1268.45,485.076,148.088,1264.62,486.674
1123,-89.6902,1277.66,420.474,-3.95192,1246.28,185.91,-6.70005,1260.69,304.126,-10.1266,1275.07,422.476,149.15,1271.04,426.426
1127,-89.4904,1278.81,388.738,-1.83779,1247.6,155.159,-4.87678,1262.35,273.786,-9.45839,1276.48,391.73,149.614,1272.31,396.682
1135,-88.0267,1274.45,329.056,2.76248,1248.49,95.5652,-2.50001,1261.37,214.037,-8.30566,1273.54,332.132,151.193,1272.24,339.008
1142,-86.2137,1268.74,277.32,6.31323,1248.09,44.2155,0.214095,1258.74,162.971,-6.4616,1269.08,281.381,153.009,1268.95,289.034
1150,-81.6139,1266.74,218.848,10.3496,1248.16,-14.2865,4.88743,1257.68,103.983,-1.71312,1266.17,222.712,157.868,1265.79,230.005
1158,-75.9954,1267.47,161.744,13.378,1247.86,-72.5535,9.24771,1257.8,46.0335,3.99379,1266.72,164.559,163.211,1266.08,170.164
1162,-73.778,1268.7,132.7,14.2528,1247.71,-101.803,10.5787,1257.79,16.6679,5.89805,1267.93,135.095,165.543,1266.36,140.469
1170,-71.8059,1269.98,75.2933,14.5015,1246.31,-159.647,11.8128,1258.17,-41.1538,7.78351,1269.01,77.19,167.465,1266.95,81.1559
1178,-73.3492,1268.52,17.3121,12.5672,1243.59,-217.954,10.0749,1256.11,-99.3534,6.66026,1268.62,18.7202,166.125,1268.6,21.454
1182,-74.3373,1268.1,-11.9383,10.6502,1241.62,-247.351,8.1607,1255.31,-129.355,5.53189,1268.37,-10.4571,164.777,1268.82,-8.18371
1189,-76.0951,1266.96,-64.3764,6.61639,1238.43,-299.546,5.91821,1253.44,-181.302,3.81436,1267.57,-63.6342,163.151,1268.87,-62.4537
1196,-79.0547,1265.11,-116.775,2.56029,1234.02,-352.441,2.04309,1250.82,-234.465,0.947211,1265.54,-116.746,159.786,1268.58,-116.59
1204,-84.1749,1259.57,-178.317,-3.42095,1227.87,-414.316,-2.70024,1243.93,-296.076,-4.61819,1258.78,-177.953,154.433,1259.14,-178.294
1211,-90.8103,1247.51,-230.615,-8.89206,1222.14,-467.383,-9.05592,1235.47,-348.407,-10.4331,1248.48,-230.049,148.483,1250.02,-230.475
1218,-94.9933,1238.31,-281.219,-14.03,1217.31,-518.702,-14.4195,1228.38,-399.589,-15.0687,1238.01,-280.919,144.09,1239,-281.627
1222,-96.7827,1234.92,-309.708,-16.2321,1215.07,-547.412,-16.031,1225.04,-428.285,-16.5271,1233.94,-309.492,142.369,1232.34,-310.083
1229,-99.2562,1230.26,-358.309,-19.6143,1213.19,-596.648,-18.8724,1221.14,-477.434,-19.5424,1229.05,-358.364,139.799,1227.88,-359.623
1233,-100.24,1229.03,-384.939,-20.8347,1212.15,-623.346,-20.0613,1220.48,-504.077,-20.4209,1228.17,-385.557,138.848,1227.53,-386.864
1241,-102.746,1229.63,-436.56,-21.9376,1211.87,-674.798,-22.4815,1220.29,-555.848,-22.5143,1228.68,-437.192,136.85,1228.19,-436.649
1249,-105.423,1229.06,-484.439,-21.8305,1211.66,-721.485,-23.1094,1221.04,-602.75,-25.7999,1230.34,-484.01,133.759,1231.74,-482.431
1253,-106.825,1227.67,-505.445,-21.3685,1211.65,-742.317,-23.7133,1220.77,-623.145,-26.9872,1229.82,-504.219,132.327,1234.63,-502.526
1261,-107.827,1228.34,-543.002,-19.8616,1212.48,-778.867,-23.7995,1222.36,-659.963,-27.9628,1231.27,-541.258,130.994,1237.98,-537.601
1269,-107.834,1232.14,-575.42,-17.4854,1214.52,-809.906,-22.5542,1224.92,-691.471,-27.9636,1234.05,-572.619,130.808,1240.28,-567.373
1273,-107.787,1233.14,-589.055,-16.6047,1215.06,-823.41,-21.9754,1225.79,-704.829,-28.2882,1235.96,-585.979,130.605,1241.34,-580.052
1281,-108.621,1233.82,-611.744,-14.9666,1216.55,-844.935,-21.7382,1227.03,-726.318,-28.8616,1236.6,-607.552,129.941,1242.71,-599.808
1285,-108.784,1232.39,-619.973,-14.3764,1217.41,-853.013,-21.7071,1227.1,-734.426,-29.5073,1236.26,-615.953,129.339,1243.75,-607.6
1293,-109.267,1232.31,-632.617,-13.3543,1220.38,-866.078,-21.3219,1228.42,-747.169,-29.5495,1235.67,-628.335,129.058,1243.79,-619.827
1297,-109.24,1231.81,-638.456,-13.8528,1221.88,-871.459,-21.2915,1229.57,-752.65,-29.6104,1236.03,-633.653,128.758,1246.46,-624.738
1304,-108.765,1235.12,-646.398,-13.3926,1224.87,-879.532,-21.0735,1232.87,-760.462,-28.9374,1239.79,-641.744,129.506,1250.23,-633.546
1312,-107.373,1240.71,-652.585,-13.7528,1229.47,-886.08,-20.6306,1237.96,-767.247,-28.0206,1245.59,-648.731,130.355,1255.86,-640.423
1316,-107.554,1242.56,-654.262,-14.5515,1231.46,-887.98,-20.8368,1240.35,-769.615,-27.9748,1247.89,-650.5,130.542,1259.9,-643.749
1324,-106.143,1247.52,-655.864,-15.6952,1235.94,-890.956,-20.4453,1244.76,-771.548,-26.7763,1253.29,-652.537,132.303,1264.95,-647.263
1328,-105.298,1250.23,-656.401,-15.9562,1237.39,-891.628,-20.2942,1246.79,-772.178,-25.9363,1255.46,-653.517,133.132,1265.82,-649.042
1335,-103.381,1254.58,-656.865,-15.9116,1239.97,-892.404,-19.4337,1249.56,-773.929,-23.7885,1257.76,-654.77,135.525,1263.61,-651.12
1339,-101.71,1256.55,-657.105,-15.6325,1241.82,-892.971,-18.8056,1250.28,-774.451,-22.3936,1258.49,-655.598,137.199,1261.2,-652.294
1347,-97.9652,1263.05,-657.798,-14.0425,1245.1,-894.77,-15.2041,1252.67,-775.517,-18.1839,1259.95,-656.595,140.993,1252.75,-654.076
1351,-93.5481,1269.8,-658.096,-10.6368,1247.15,-895.165,-12.3399,1254.41,-776.199,-14.6861,1260.72,-657.961,143.836,1243.91,-654.816
1355,-88.6409,1277.73,-658.934,-7.47829,1248.43,-895.838,-8.37062,1256.23,-776.36,-11.17,1261.93,-657.265,145.913,1232.49,-654.912
1363,-77.9633,1289.09,-659.665,-0.923872,1252.33,-896.505,-1.37008,1257.64,-776.907,-2.88196,1262.69,-658.037,147.696,1209.95,-655.978
1367,-70.3435,1295.53,-659.665,2.95072,1252.9,-896.417,2.59159,1257.63,-777.702,1.78399,1261.65,-658.429,146.119,1193.89,-656.637
1375,-49.9588,1305.36,-658.96,11.7716,1251.08,-896.85,13.0098,1253.27,-777.317,11.9382,1255.26,-658.513,136.542,1155.19,-658.54
1379,-37.2351,1308.08,-658.204,16.537,1248.99,-897.448,17.6562,1249.64,-777.555,17.2623,1250.11,-659.717,128.081,1134.51,-660.741
1387,-7.60342,1306.84,-658.119,24.7646,1241.85,-898.758,28.3182,1239.68,-779.207,29.7925,1236.9,-660.4,107.195,1097.08,-667.15
1395,14.5302,1299.33,-659.521,31.6402,1233.59,-901.532,35.8308,1229.1,-782.601,39.6024,1223.86,-663.652,90.753,1072.81,-673.354
1399,20.4331,1296.3,-660.594,34.1869,1230.65,-903.124,38.7147,1225.17,-783.772,41.8557,1219.05,-665.165,87.461,1066.77,-675.077
1407,28.1432,1289.79,-662.898,39.3155,1225.37,-905.782,43.6205,1219.9,-786.834,47.7493,1213.27,-667.925,89.379,1059.9,-679.429
1411,32.82,1288.96,-664.59,40.3943,1223.31,-907,46.5872,1217.63,-788.068,51.2832,1211.28,-669.462,89.8382,1056.7,-680.655
1419,42.1264,1287.71,-667.24,45.7235,1221.47,-908.98,52.1342,1215.81,-789.988,57.8124,1209.22,-671.079,91.1011,1053.48,-683.359
1423,45.901,1287.79,-668.576,47.2,1221.26,-909.623,53.8696,1215.08,-791.35,60.9856,1209.15,-672.127,92.9362,1053.17,-684.414
1431,49.7532,1289.61,-668.38,50.934,1222.47,-911.039,58.1517,1217.09,-792.343,65.2539,1211.42,-674.128,98.0572,1055.44,-684.957
1439,54.236,1293.53,-671.666,53.0729,1224.22,-912.387,61.2456,1219.81,-793.894,69.3799,1215.1,-674.746,101.841,1058.98,-684.747
1447,56.3861,1295.94,-672.422,54.597,1225.61,-913.766,63.2731,1221.66,-795.489,71.8081,1217.89,-676.654,103.958,1061.63,-685.349
1453,57.5441,1296.85,-673.46,55.2463,1226.13,-914.749,64.1345,1222.53,-796.273,72.9824,1218.86,-677.827,105.611,1062.63,-687.054
1461,58.275,1296.04,-675.719,55.5238,1225.67,-916.32,64.5567,1221.76,-797.365,73.6016,1218.02,-679.151,106.429,1061.74,-689.217
1465,57.4908,1295.54,-676.188,55.2459,1225.35,-917.05,64.4012,1221.29,-797.949,73.0743,1217.38,-679.729,106.802,1061.32,-689.5
1473,56.4245,1294.59,-677.413,54.6045,1224.42,-918.342,63.7098,1220.26,-799.429,72.0492,1215.98,-680.567,106.397,1059.94,-690.433
1477,55.9659,1293.59,-678.08,54.3451,1224,-918.913,63.2475,1219.48,-800.32,71.675,1215.01,-681.204,106.031,1059.12,-691.375
1485,54.6664,1290.76,-678.321,53.5447,1222.82,-920.587,62.9301,1218.02,-801.73,71.5719,1213.11,-683.418,106.981,1057.95,-694.002
1489,55.1805,1289.85,-678.83,53.0868,1221.98,-921.849,63.06,1217.26,-802.554,71.9502,1212.17,-684.736,108.573,1057.16,-695.404
1497,53.3611,1288.9,-681.671,52.5968,1221.29,-924.012,63.3287,1216.61,-804.905,72.8409,1211.65,-686.121,114.067,1057.28,-698.005
1501,51.6303,1289.1,-682.807,52.6344,1221.52,-924.756,63.5982,1217.02,-806.063,73.3258,1212.34,-687.226,118.909,1059.67,-699.148
1505,49.2613,1289.99,-684.442,52.5276,1222.13,-925.512,63.7156,1218.15,-807.086,73.7122,1213.69,-688.498,124.833,1062.85,-700.174
1513,42.7664,1292.03,-685.934,51.6953,1224.22,-927.506,63.2349,1221.4,-808.655,73.095,1218.61,-690.235,136.481,1072.01,-701.366
1516,39.5572,1293.02,-686.632,51.3656,1225.3,-928.061,62.5267,1222.91,-809.095,72.4639,1220.44,-690.991,141.506,1076.64,-701.798
1519,36.3679,1293.68,-686.718,50.94,1226.11,-928.396,62.1711,1224.51,-809.677,72.0477,1222.71,-691.417,146.131,1081.16,-701.897
1527,24.6642,1294.84,-687.536,48.6495,1228.93,-930.128,59.9245,1229.23,-810.314,69.428,1229.11,-692.083,160.699,1098.27,-701.215
1535,10.3848,1293.48,-688.751,45.0884,1232.23,-930.588,55.604,1233.88,-811.696,64.6465,1235.6,-693.47,175.577,1120.65,-702.243
1539,2.24871,1291.4,-689.705,42.9826,1233.35,-930.781,52.9377,1236.57,-812.004,61.6012,1238.7,-693.798,181.303,1132.59,-701.905
1543,-6.24654,1289.09,-690.095,40.3684,1235.31,-931.628,49.8707,1238.73,-812.128,57.3101,1241.58,-693.498,186.134,1147.24,-701.963
1551,-25.3956,1281.88,-692.225,33.1454,1237.83,-932.542,41.3606,1243.68,-812.822,46.8913,1248.32,-694.499,191.938,1181.56,-701.141
1559,-45.9664,1267.48,-692.843,23.5666,1239.68,-932.685,28.6943,1247.18,-813.654,32.2393,1253.7,-694.728,189.926,1228.11,-700.624
1567,-61.8372,1245.3,-693.072,12.3281,1240.28,-933.332,14.9153,1249.26,-814.333,17.1269,1256.43,-695.391,174.903,1280.41,-701.629
1571,-65.5846,1233.85,-692.963,7.8755,1240.69,-933.912,8.99155,1249.42,-815.171,10.5251,1257.54,-696.274,162.774,1305.69,-702.384
1579,-65.4563,1214.75,-693.251,-0.536534,1240.01,-935.823,0.277375,1249.53,-816.865,0.90329,1258.87,-698.26,134.075,1346.81,-707.488
1586,-62.8433,1204.62,-694.338,-5.767,1239.73,-936.96,-5.57415,1250.54,-818.121,-5.11044,1260.04,-699.202,109.646,1369.88,-709.755
1594,-57.4338,1192.04,-693.863,-10.1675,1238.38,-936.904,-10.5638,1248.3,-818.087,-10.9825,1257.41,-699.498,80.7157,1387.06,-710.793
1601,-52.4495,1182.81,-694.088,-14.6864,1236.84,-937.417,-15.0869,1245.26,-818.19,-15.5187,1253.69,-698.938,57.9414,1394.84,-710.703
1605,-50.1669,1178.54,-693.731,-16.9935,1234.98,-937.094,-17.1999,1243.69,-818.437,-17.9723,1251.46,-699.327,46.9242,1396.96,-710.331
1613,-50.9375,1174.82,-693.831,-19.7829,1232.65,-936.876,-21.4872,1241.67,-817.95,-22.4052,1249.61,-698.831,34.1327,1398.19,-710.102
1621,-52.7854,1172.28,-693.639,-23.7873,1230.67,-936.284,-24.8247,1239.91,-817.715,-25.9262,1248.22,-699.002,27.0267,1397.67,-709.687
1625,-54.2456,1172.31,-693.694,-25.0595,1230.62,-936.174,-26.4235,1239.75,-817.625,-27.3513,1248.17,-698.887,25.5178,1397.64,-710.115
1632,-56.3572,1173.13,-693.127,-26.9756,1231.27,-935.952,-28.7826,1240.5,-817.225,-29.3644,1248.88,-698.407,24.1783,1398.2,-710.027
1640,-59.1733,1175.12,-692.456,-28.7173,1232.83,-935.488,-30.76,1242.03,-816.398,-31.5829,1250.76,-697.666,22.9621,1399.72,-709.405
1651,-64.3789,1180.64,-690.988,-31.7868,1236.32,-934.866,-33.3584,1245.68,-815.048,-34.396,1254.64,-696.305,24.0337,1402.49,-709.283
1655,-65.7078,1181.79,-690.525,-32.3489,1236.9,-934.316,-34.1469,1246.5,-814.739,-35.6175,1255.85,-696.099,23.991,1403.14,-709.105
1662,-67.6746,1182.85,-690.193,-33.3702,1237.29,-933.42,-35.4044,1247.18,-814.547,-37.2815,1256.66,-695.658,23.5354,1403.42,-708.46
1673,-72.9107,1183.59,-689.389,-34.7531,1237.28,-932.263,-37.1401,1247.06,-814.19,-39.2732,1256.32,-694.543,27.4319,1400.42,-706.778
1681,-77.5361,1184.67,-689.218,-34.8395,1235.58,-931.745,-37.2907,1245.67,-813.482,-39.5739,1254.84,-693.186,35.3915,1394.91,-705.411
1689,-82.1473,1186.56,-689.221,-32.6542,1232.8,-930.842,-35.1586,1243.89,-812.902,-37.3787,1253.18,-694.123,51.5044,1384.75,-703.928
1696,-84.1855,1190.42,-688.636,-28.589,1230.13,-931.178,-30.2586,1240.79,-812.598,-31.7351,1250.54,-693.706,72.5164,1370.68,-703.364
1708,-78.2087,1195.75,-687.137,-15.3578,1218.58,-930.081,-13.1267,1229.35,-811.183,-12.2488,1240.05,-692.298,119.221,1329.56,-703.49
1716,-66.9914,1197.37,-686.874,-0.520716,1203.86,-929.301,3.17248,1216.34,-811.134,6.64008,1228.41,-692.209,152.876,1289.09,-703.984
1724,-51.5779,1185.76,-685.865,13.0512,1181.57,-929.51,19.8284,1193.69,-810.934,25.9027,1206.3,-692.29,178.349,1247.73,-705.604
1732,-36.5673,1160.97,-685.209,26.4345,1151.45,-928.67,33.848,1163.98,-810.659,42.1495,1175.34,-691.527,197.244,1205.16,-706.274
1740,-27.3805,1124.46,-684.415,35.2708,1113.5,-928.207,44.3242,1125.22,-809.892,51.6998,1136.07,-690.782,208.453,1160.75,-705.201
1748,-24.847,1075.43,-683.837,40.4685,1065.74,-927.176,47.5236,1076.83,-807.929,53.832,1087.65,-689.67,210.602,1112.73,-701.842
1752,-26.0443,1049.09,-683.671,41.4206,1038.87,-926.034,47.5737,1049.94,-807.735,52.5798,1061.12,-689.116,209.623,1084.35,-699.494
1760,-31.2913,989.673,-683.569,40.7785,978.955,-923.973,44.4149,990.118,-805.453,47.6049,1000.91,-686.683,204.87,1023,-694.277
1769,-40.0888,913.408,-681.628,36.8663,902.975,-920.844,38.5416,914.049,-802.318,39.1414,924.653,-683.115,196.357,947.704,-687.87
1776,-46.917,849.78,-679.002,33.1686,838.367,-917.045,33.1651,849.796,-798.771,32.0258,860.336,-679.364,189.688,881.8,-681.58
1783,-54.2295,781.572,-675.585,29.0449,770.736,-913.266,27.4114,782.165,-794.452,24.671,792.72,-675.763,182.648,814.996,-675.817
1787,-57.8036,741.529,-673.725,26.5091,730.797,-910.906,24.4538,741.804,-792.098,21.2617,752.545,-673.32,178.725,775.979,-673.104
1795,-61.9551,663.158,-669.991,22.8109,650.121,-906.678,20.4233,661.519,-788.936,17.0673,672.26,-669.909,175.198,692.205,-668.708
1803,-64.1641,582.75,-666.376,19.9269,568.338,-903.517,17.9961,579.81,-784.661,15.018,590.577,-666.229,173.42,607.061,-665.37
1807,-65.1372,543.001,-665.216,18.396,528.483,-902.225,16.873,539.414,-783.789,14.1452,550.116,-664.734,172.7,564.655,-664.335
1815,-69.3428,462.882,-663.971,15.3522,450.421,-900.726,13.2314,460.478,-782.32,10.2728,470.197,-663.035,168.798,485.781,-661.962
1818,-71.2783,434.539,-664.06,13.8612,422.324,-900.865,11.7713,432.214,-781.877,8.17272,441.58,-662.999,166.595,456.405,-661.59
1825,-77.1643,372.161,-664.81,10.4131,361.471,-900.846,7.21651,369.974,-781.872,2.6751,378.312,-663.125,161.554,391.48,-659.746
1833,-83.6139,307.815,-665.41,6.08578,299.099,-900.28,1.51961,306.724,-781.996,-4.18142,314.163,-662.86,154.34,327.1,-657.544
1837,-86.5267,281.029,-665.389,4.14195,271.04,-900.27,-0.647866,278.959,-781.263,-6.7802,286.511,-662.081,151.758,297.168,-656.755
1845,-90.9685,232.561,-663.811,0.718153,222.356,-898.262,-5.11875,230.046,-779.817,-11.4352,237.289,-660.738,147.348,248.297,-654.216
1849,-92.1538,210.938,-661.7,-0.262901,200.857,-895.841,-6.04129,208.644,-777.492,-12.599,216.052,-658.526,145.976,226.283,-652.161
1857,-92.9555,174.199,-656.291,-0.959515,165.5,-890.683,-6.79465,172.359,-772.039,-13.1885,178.581,-652.765,145.25,188.323,-645.99
1861,-92.3902,160.011,-654.038,-0.396324,151.442,-887.936,-6.1253,157.519,-769.37,-12.5596,163.639,-650.406,145.942,171.662,-643.358
1869,-92.7026,136.822,-650.292,-0.379565,129.217,-884.796,-6.10471,135.461,-765.869,-12.5365,140.739,-646.394,145.968,149.624,-639.598
1873,-91.2512,130.459,-649.201,0.00429841,121.385,-883.744,-5.26691,127.38,-764.705,-11.557,133.041,-645.337,147.039,139.284,-638.941
1880,-89.7103,121.151,-647.591,0.654006,111.397,-881.901,-4.47593,117.199,-763.476,-10.2416,122.98,-644.169,148.6,127.761,-638.173
1887,-89.0706,113.875,-646.406,1.19159,104.657,-881.236,-3.83939,110.851,-762.675,-9.33634,116.618,-643.236,149.445,121.926,-637.725
1895,-87.33,110.241,-646.237,2.5947,97.3,-881.018,-2.10434,104.626,-762.697,-7.55332,110.901,-643.521,151.854,113.429,-637.616
1899,-86.5026,106.012,-646.546,3.08875,93.246,-881.505,-0.886495,100.246,-762.619,-6.43591,107.344,-643.601,152.81,109.66,-638.343
1907,-82.8738,96.0099,-645.85,4.03815,83.8421,-881.569,0.916662,90.3757,-762.829,-3.3413,96.4003,-643.831,155.936,97.3232,-639.61
1911,-80.7759,90.5846,-645.508,4.72584,79.2927,-881.698,2.47016,85.0355,-762.644,-1.10469,90.1492,-643.472,157.998,88.671,-640.3
1919,-78.4831,77.7703,-644.236,5.68999,69.978,-881.872,4.55788,73.9985,-762.26,1.57144,76.8932,-643.257,160.91,75.5608,-641.26
1923,-77.968,71.8978,-642.518,5.79961,66.8572,-879.832,4.13317,70.0286,-760.874,1.94559,71.5871,-641.343,161.409,70.7415,-639.947
1931,-77.1652,70.9397,-640.184,5.53998,66.0277,-877.551,4.58885,69.2432,-758.737,2.61646,71.0557,-639.438,162.286,70.5394,-638.708
1935,-76.9623,72.323,-640.199,5.39596,66.9207,-877.749,4.57513,70.5731,-759.018,2.99156,72.5958,-639.67,162.57,73.4832,-639.112
1943,-76.6428,72.9001,-641.275,5.67292,66.831,-878.88,4.65881,70.9027,-760.085,3.32355,72.998,-640.633,163.015,73.4486,-640.258
1951,-78.4477,65.1901,-640.697,5.19765,62.9335,-878.121,3.45881,64.8566,-759.408,1.6355,65.1098,-639.696,160.887,65.2171,-638.297
1959,-82.6123,51.276,-640.133,2.5987,55.6878,-876.917,-0.339971,54.7015,-757.954,-2.85829,51.6194,-638.6,156.715,52.839,-635.482
1963,-83.6517,48.8422,-639.87,2.012,54.3856,-876.561,-0.837343,52.5007,-757.688,-3.41882,48.8476,-638.153,156.16,49.2125,-635.166
1971,-82.302,47.5775,-640.13,2.37369,54.1483,-876.981,-0.177942,52.0984,-758.054,-2.33796,48.5089,-638.919,157.265,50.041,-635.813
1975,-81.6948,48.2995,-640.219,2.70402,54.12,-877.25,0.221079,52.0334,-758.24,-1.85328,48.5388,-639.195,157.67,49.1586,-636.079
1983,-81.5968,48.4698,-640.364,2.81566,54.054,-877.291,0.347711,52.0108,-758.329,-1.72396,48.5576,-639.294,157.793,48.9127,-636.206
1987,-81.5951,48.4125,-640.366,2.8122,54.1261,-877.285,0.646603,51.7017,-758.32,-1.75771,48.5959,-639.282,157.785,48.9323,-636.147
1991,-81.7263,48.365,-640.458,2.99856,54.2039,-877.26,0.735881,51.7336,-758.263,-1.8751,48.5129,-639.338,157.729,48.9659,-635.955
1995,-81.9661,48.2794,-640.714,3.47541,54.3159,-877.164,0.901569,51.801,-758.201,-2.03503,48.44,-639.232,157.568,48.8937,-635.563
2003,-81.7202,48.6039,-640.761,3.24948,53.6361,-877.498,0.886534,51.5366,-758.402,-1.84973,48.5959,-639.351,157.683,48.9304,-635.904
2007,-81.4421,48.6573,-640.374,2.43904,53.6314,-877.483,0.540017,51.5459,-758.506,-1.61868,48.6514,-639.374,157.865,48.9243,-636.711
2011,-81.3075,48.8023,-640.197,1.96038,53.3535,-877.6,0.390992,51.4207,-758.609,-1.48309,48.7085,-639.439,158.006,48.9071,-637.317
2019,-81.2662,50.3219,-641.769,3.3642,49.6443,-878.646,1.06531,49.9573,-759.651,-1.37002,49.4511,-640.367,158.036,48.9526,-637.676
2023,-81.3739,50.2548,-642.073,3.80492,49.669,-878.717,1.29349,49.9215,-759.813,-1.5451,49.3724,-640.496,157.905,48.9838,-637.29
2031,-81.3572,50.2688,-642.1,3.78546,49.6312,-878.727,1.24984,49.863,-759.763,-1.49857,49.3905,-640.435,157.893,49.0186,-637.287
2035,-81.3637,50.2662,-642.092,3.74678,49.6403,-878.727,1.25489,49.8926,-759.754,-1.52285,49.3912,-640.438,157.884,48.9992,-637.287
2043,-81.3292,50.2493,-642.049,3.76443,49.6517,-878.711,1.2973,49.8978,-759.751,-1.55972,49.3884,-640.428,157.855,48.9859,-637.274
2047,-81.3838,50.2311,-642.116,3.77109,49.6992,-878.724,1.28858,49.9028,-759.763,-1.51317,49.3939,-640.454,157.929,48.9674,-637.252
2055,-81.685,50.6432,-642.07,3.63566,49.8092,-878.591,1.29,49.8902,-759.754,-1.52029,49.3969,-640.484,157.893,49.5382,-636.954
2063,-81.3544,50.2637,-642.031,3.77779,49.6621,-878.726,1.29918,49.8753,-759.741,-1.50926,49.398,-640.462,157.589,49.4393,-637.232
2067,-81.3605,50.2138,-642.038,3.80288,49.7015,-878.681,1.25155,49.9295,-759.747,-1.49305,49.3895,-640.423,157.478,49.4401,-637.212
2075,-81.3361,50.2155,-642.018,3.77077,49.6947,-878.757,1.26072,49.8799,-759.751,-1.49123,49.4339,-640.398,157.527,49.3183,-637.318
2079,-81.3691,50.1263,-642.177,3.78026,49.6886,-878.746,1.26873,49.9159,-759.729,-1.51992,49.4373,-640.445,157.528,49.3352,-637.327
2087,-81.6207,50.4493,-641.947,3.75593,49.6686,-878.71,1.30975,49.8994,-759.762,-1.4812,49.4201,-640.423,157.51,49.3176,-637.324
2094,-81.3392,50.2298,-642.071,3.77489,49.6234,-878.774,1.29443,49.8464,-759.769,-1.5162,49.4009,-640.434,157.497,49.3155,-637.35
2101,-81.3349,50.2424,-642.046,3.76798,49.7031,-878.697,1.28414,49.8638,-759.764,-1.49948,49.4226,-640.404,157.5,49.352,-637.318
2105,-81.3166,50.2443,-642.049,3.74119,49.6389,-878.734,1.2775,49.8635,-759.741,-1.52201,49.4088,-640.405,157.493,49.353,-637.324
2113,-81.3433,50.2373,-642.064,3.78284,49.6454,-878.724,1.26967,49.8558,-759.763,-1.48236,49.4439,-640.382,157.504,49.3129,-637.325
2121,-81.3711,50.1935,-642.051,3.77234,49.6774,-878.681,1.25892,49.8997,-759.732,-1.48338,49.4001,-640.424,157.472,49.3291,-637.292
2125,-81.3349,50.221,-642.03,3.72645,49.6901,-878.737,1.26479,49.9115,-759.722,-1.48672,49.4158,-640.462,157.5,49.352,-637.348
2133,-81.3512,50.229,-642.061,3.75338,49.7038,-878.702,1.2574,49.8524,-759.74,-1.59309,49.8582,-640.157,157.491,49.3574,-637.319
2137,-81.3614,50.2317,-642.07,3.75602,49.6894,-878.702,1.23554,49.9109,-759.747,-1.70687,49.9458,-640.248,157.488,49.3377,-637.306
2145,-81.3507,50.2199,-642.048,3.83395,49.6805,-878.727,1.28631,49.9959,-759.732,-1.83953,49.812,-640.397,157.523,49.3388,-637.315
2149,-81.4288,50.2227,-642.111,3.83791,49.6792,-878.722,1.2733,49.947,-759.719,-1.81671,49.8177,-640.364,157.506,49.3011,-637.325
2157,-81.3925,50.2868,-642.062,3.83122,49.6945,-878.746,1.2793,49.9744,-759.746,-1.81372,49.7824,-640.335,157.509,49.3358,-637.334
2165,-81.3602,50.2617,-642.078,3.83543,49.7058,-878.735,1.28806,49.9675,-759.68,-1.70045,49.8377,-640.29,157.478,49.3354,-637.307
2169,-81.3373,50.2368,-642.074,3.8105,49.6919,-878.776,1.27894,49.9808,-759.678,-1.44069,49.8341,-640.026,157.162,49.2414,-637.43
2177,-81.3664,50.2285,-642.081,3.86112,49.6395,-878.73,1.26821,49.9597,-759.742,-1.57694,49.4345,-640.434,157.494,49.398,-637.308
2181,-81.3796,50.2759,-642.048,3.81842,49.7105,-878.751,1.2538,49.9676,-759.72,-1.56895,49.4131,-640.436,157.52,49.3882,-637.325
2188,-81.3816,50.2292,-642.064,3.78979,49.7363,-878.687,1.27219,49.9535,-759.748,-1.57229,49.4666,-640.422,157.54,49.3656,-637.339
2192,-81.3902,50.2687,-642.07,3.83748,49.7213,-878.717,1.26989,49.9964,-759.694,-1.57785,49.3903,-640.461,157.393,49.3657,-637.342
2199,-81.4009,50.2747,-642.086,3.83241,49.6859,-878.713,1.25588,49.9854,-759.737,-1.55422,49.4329,-640.42,157.515,49.3433,-637.305
2207,-81.4205,50.2781,-642.1,3.80048,49.6807,-878.767,1.27452,49.9393,-759.723,-1.53492,49.4324,-640.381,157.569,49.3351,-637.302
2212,-81.3604,50.2736,-642.052,3.8437,49.6679,-878.748,1.2594,49.9747,-759.743,-1.53385,49.4517,-640.387,157.547,49.3556,-637.331
2219,-81.3696,50.2264,-642.039,3.82069,49.7039,-878.768,1.26805,49.9641,-759.726,-1.59021,49.4495,-640.388,157.506,49.3601,-637.342
2227,-81.4019,50.2311,-642.114,3.82787,49.6989,-878.722,1.26853,49.9784,-759.725,-1.58034,49.4223,-640.419,157.516,49.3461,-637.291
2230,-81.3656,50.2012,-642.116,3.83224,49.6803,-878.727,1.28336,49.9749,-759.692,-1.58482,49.4218,-640.422,157.528,49.3644,-637.327
2238,-81.3749,50.2451,-642.129,3.83593,49.6609,-878.782,1.25984,49.9443,-759.703,-1.55795,49.398,-640.417,157.483,49.3547,-637.331
2245,-81.3995,50.2608,-642.06,3.81612,49.7384,-878.711,1.25447,49.9837,-759.717,-1.72089,49.8481,-640.328,157.518,49.3578,-637.299
2253,-81.3653,50.2188,-642.091,3.8282,49.6778,-878.678,1.27913,49.9501,-759.74,-1.82631,49.7893,-640.352,157.513,49.349,-637.312
2261,-81.3652,50.2438,-642.071,3.86239,49.6849,-878.71,1.2921,49.9948,-759.727,-1.80255,49.7958,-640.382,157.475,49.3362,-637.349
2265,-81.3714,50.3017,-642.096,3.83722,49.6924,-878.732,1.26695,49.9706,-759.746,-1.81652,49.831,-640.406,157.519,49.3466,-637.333
2272,-81.3792,50.2189,-642.132,3.77107,49.6719,-878.77,1.23158,49.8981,-759.8,-1.93556,49.9123,-640.338,157.523,49.3768,-637.308
2276,-81.3899,50.2136,-642.069,3.76177,49.7267,-878.713,1.20109,49.8428,-759.789,-1.80046,49.8942,-640.354,157.516,49.3475,-637.303
2283,-81.3623,50.2756,-642.034,3.85257,49.6674,-878.719,1.57327,50.0838,-759.582,-1.87738,49.8536,-640.389,157.469,49.3586,-637.312
2291,-81.3269,50.2597,-642.064,3.82763,49.6889,-878.7,1.29344,49.9417,-759.758,-1.8885,49.9023,-640.281,157.329,49.2706,-637.416
2295,-81.3292,50.254,-642.054,3.85598,49.7012,-878.717,1.30649,49.9491,-759.738,-1.80951,49.8141,-640.379,157.246,49.1712,-637.49
2303,-81.3901,50.2143,-642.115,3.83013,49.6899,-878.759,1.28268,49.9771,-759.719,-1.82364,49.8303,-640.385,157.412,49.3601,-637.317
2307,-81.4195,50.273,-642.098,3.86022,49.6893,-878.742,1.31222,49.9301,-759.686,-1.81349,49.8368,-640.383,157.402,49.3532,-637.351
2315,-81.4036,50.2813,-642.084,3.84057,49.682,-878.722,1.29494,49.9744,-759.731,-1.81835,49.8231,-640.39,157.416,49.3466,-637.315
2323,-81.3521,50.2184,-642.078,3.8519,49.687,-878.765,1.24617,49.9525,-759.768,-1.81097,49.8032,-640.372,157.425,49.3496,-637.362
2327,-81.3798,50.2467,-642.079,3.85599,49.7046,-878.716,1.32042,49.9729,-759.726,-1.80877,49.8035,-640.37,157.42,49.3343,-637.366
2335,-81.3899,50.254,-642.084,3.7851,49.7311,-878.754,1.28383,49.9208,-759.678,-1.80944,49.822,-640.417,157.425,49.3747,-637.365
2339,-81.3959,50.2571,-642.112,3.81423,49.6364,-878.762,1.28135,49.9708,-759.756,-1.83453,49.8479,-640.402,157.428,49.3258,-637.384
2347,-81.3722,50.2393,-642.077,3.83133,49.6907,-878.723,1.27128,49.9807,-759.755,-1.84725,49.8476,-640.338,157.46,49.3525,-637.328
2355,-81.3756,50.2447,-642.052,3.8532,49.7073,-878.729,1.25785,49.9383,-759.77,-1.80335,49.826,-640.334,157.504,49.3297,-637.309
2359,-81.3647,50.2131,-642.086,3.82625,49.6541,-878.733,1.27914,49.9225,-759.745,-1.78935,49.7985,-640.324,157.456,49.3051,-637.342
2367,-81.3837,50.2286,-642.07,3.83195,49.6462,-878.752,1.26896,49.9803,-759.726,-1.35792,49.9044,-639.892,157.52,49.3335,-637.331
2374,-81.383,50.2212,-642.094,3.82181,49.6833,-878.734,1.30751,49.9562,-759.708,-1.68975,49.3969,-640.421,157.483,49.3473,-637.35
2382,-81.3852,50.2735,-642.084,3.83894,49.6034,-878.758,1.21319,49.8592,-759.801,-1.52009,49.4214,-640.417,157.528,49.2992,-637.335
2386,-81.3879,50.2412,-642.107,3.80493,49.6816,-878.728,1.24826,49.88,-759.75,-1.54876,49.3901,-640.414,157.48,49.3235,-637.332
2394,-81.4279,50.2088,-642.17,3.79934,49.6567,-878.762,1.25022,49.8768,-759.767,-1.53882,49.3436,-640.382,157.473,49.3271,-637.35
2398,-81.3857,50.2711,-642.066,3.83618,49.646,-878.722,1.23369,49.9232,-759.772,-1.53089,49.4045,-640.391,157.505,49.3336,-637.307
2406,-81.4217,50.2614,-642.135,3.6836,49.7089,-878.719,1.22423,49.9129,-759.75,-1.54288,49.4076,-640.464,157.482,49.3353,-637.308
2410,-81.3931,50.258,-642.107,3.71184,49.6835,-878.761,1.23726,49.8926,-759.78,-1.52653,49.4686,-640.462,157.497,49.317,-637.335
2418,-81.5243,50.2227,-642.165,3.75738,49.7084,-878.719,1.24501,49.9571,-759.727,-1.47761,49.4011,-640.407,157.512,49.3591,-637.353
2426,-81.3674,50.2889,-642.07,3.38826,50.0443,-878.768,1.26216,49.8553,-759.781,-1.49007,49.386,-640.435,157.427,49.3229,-637.351
2430,-81.3882,50.2307,-642.088,3.38046,50.024,-878.76,1.24301,49.8687,-759.753,-1.52774,49.408,-640.466,157.444,49.3353,-637.341
2438,-81.3672,50.2285,-642.062,3.33139,50.0217,-878.771,1.24588,49.849,-759.769,-1.5012,49.3956,-640.446,157.461,49.3537,-637.315
2442,-81.3676,50.2127,-642.134,3.36976,49.9915,-878.8,1.24997,49.8911,-759.773,-1.54586,49.3882,-640.458,157.513,49.334,-637.365
2449,-81.3469,50.2169,-642.083,3.38007,50.0295,-878.795,1.23453,49.8266,-759.784,-1.50193,49.4099,-640.433,157.686,49.3316,-637.162
2453,-81.3497,50.2009,-642.075,3.3583,50.0247,-878.785,1.25622,49.8311,-759.72,-1.48287,49.4097,-640.372,157.816,48.947,-637.367
2461,-81.3169,50.2154,-642.063,3.75974,49.7055,-878.709,1.26057,49.8816,-759.758,-1.49429,49.3518,-640.424,157.905,48.9746,-637.277
2465,-81.3318,50.221,-642.069,3.74808,49.7051,-878.712,1.20382,49.8961,-759.795,-1.51551,49.3821,-640.456,157.856,49.0034,-637.266
2473,-81.3774,50.2152,-642.098,3.72799,49.6824,-878.731,1.22678,49.8568,-759.738,-1.44534,49.3938,-640.376,157.839,48.9853,-637.278
2477,-81.3378,50.2581,-642.106,3.76869,49.6571,-878.756,1.29822,49.8466,-759.744,-1.54046,49.3919,-640.428,157.963,48.9933,-637.291
2485,-81.3077,50.2027,-642.053,3.56916,49.7347,-878.626,1.27367,49.8838,-759.718,-1.5345,49.4154,-640.429,158.023,48.9539,-637.348
2493,-81.3394,50.1832,-642.03,3.69887,49.8197,-878.549,1.27915,49.8404,-759.74,-1.46317,49.4063,-640.394,158.011,48.9828,-637.306
2497,-81.3634,50.2555,-642.075,3.66194,49.7486,-878.568,1.25638,49.8916,-759.736,-1.53505,49.4108,-640.43,158.001,48.9671,-637.37
2504,-81.3497,50.2433,-642.058,3.65396,49.7898,-878.527,1.26581,49.8463,-759.774,-1.50546,49.3842,-640.432,158.004,48.9689,-637.365
2512,-81.3108,50.2237,-642.05,3.66958,49.7647,-878.582,1.28195,49.8822,-759.748,-1.48564,49.4273,-640.391,157.965,48.9605,-637.337
2520,-81.335,50.2321,-642.081,3.67624,49.792,-878.556,1.29886,49.8554,-759.723,-1.45995,49.3968,-640.409,158.036,48.9381,-637.323
2524,-81.3696,50.2251,-642.072,3.62399,49.7741,-878.586,1.27552,49.8686,-759.74,-1.47348,49.3658,-640.434,157.999,48.9592,-637.334
2532,-81.3881,50.1926,-642.08,3.70361,49.7871,-878.571,1.26823,49.9015,-759.752,-1.4815,49.3644,-640.385,158.01,48.9348,-637.36
2540,-81.3575,50.2612,-642.05,3.6662,49.7589,-878.518,1.26524,49.876,-759.735,-1.47037,49.3852,-640.415,158.03,48.9586,-637.343
2544,-81.3121,50.1505,-641.968,3.62688,50.0051,-878.525,1.26561,50.0037,-759.676,-1.49246,49.3685,-640.364,157.996,48.952,-637.317
2548,-81.3283,49.8072,-641.597,3.39909,50.8944,-878.293,1.08167,50.2764,-759.458,-1.47929,49.1686,-640.106,158.02,48.9363,-637.216
2556,-81.2461,48.6083,-640.148,1.61965,53.9406,-877.388,0.324854,51.6287,-758.6,-1.46804,48.5997,-639.578,158.068,48.8911,-637.442
2559,-81.1445,47.9072,-639.302,0.687317,55.0595,-877.127,-0.191592,52.2657,-758.232,-1.40823,48.2713,-639.454,158.152,48.8732,-637.787
2568,-81.5113,47.5405,-639.572,1.72263,55.7557,-876.831,0.123605,52.4577,-757.983,-1.74782,48.1261,-639.377,157.903,48.8965,-636.632
2575,-81.8832,47.9407,-640.468,2.77952,55.2072,-876.966,0.649628,52.1315,-758.147,-1.97673,48.2618,-639.412,157.662,48.8927,-635.84
2579,-81.849,47.9004,-640.441,2.83611,55.2369,-876.953,0.682097,52.154,-758.086,-2.00556,48.249,-639.366,157.642,48.8583,-635.746
2587,-81.8013,47.2063,-638.359,2.19972,56.4662,-875.604,0.42862,52.7517,-756.593,-2.45636,47.2895,-638.389,157.704,48.7931,-635.065
2591,-81.765,46.8241,-637.164,1.89617,57.3771,-874.609,0.374126,53.2877,-755.475,-2.55801,46.9513,-637.24,157.752,48.7015,-634.552
2599,-82.1861,46.0233,-634.209,2.38192,64.1378,-870.369,0.62621,55.9687,-752.208,-2.68437,46.0611,-633.944,157.405,48.5608,-630.543
2603,-81.0338,50.8055,-631.729,3.13985,71.7077,-868.103,1.45297,61.3255,-749.717,-1.20882,50.3762,-630.925,158.467,48.8968,-628.55
2611,-77.4207,76.0638,-627.414,4.82987,102.307,-864.082,4.11837,87.2831,-745.88,2.41873,71.9639,-627.604,161.974,63.9999,-627.311
2618,-74.1823,117.838,-623.803,5.78729,147.02,-860.824,6.21677,130.826,-742.777,5.47662,114.474,-624.777,165.217,107.355,-626.076
2626,-68.4705,195.767,-617.621,7.3813,218.21,-856.422,9.48222,205.364,-738.595,10.48,191.563,-618.872,170.584,183.982,-623.757
2634,-63.9915,293.254,-609.996,9.61507,307.133,-850.247,13.205,299.545,-731.778,15.7026,291.387,-612.109,175.692,285.901,-617.599
2638,-61.6438,348.26,-605.805,10.6565,357.061,-847.27,15.0348,352.288,-727.723,17.9517,347.05,-608.499,177.949,343.084,-614.631
2646,-57.5378,470.492,-599.237,13.0414,467.118,-841.177,17.7671,468.142,-722.168,22.2478,468.627,-603.151,181.583,465.039,-610.238
2654,-57.4444,596.239,-598.194,12.3029,586.037,-839.88,17.5938,592.433,-721.172,22.0056,597.929,-602.098,181.669,601.761,-609.78
2662,-58.198,729.118,-600.03,11.2971,709.798,-842.042,16.9097,720.533,-723.76,21.9347,730.405,-604.521,181.047,733.321,-612.546
2670,-60.5932,856.918,-605.713,9.25413,831.273,-846.507,14.7077,845.19,-727.917,19.656,857.898,-609.74,178.268,860.898,-617.713
2674,-62.2437,915.677,-608.229,7.37959,888.239,-848.993,12.7581,903.076,-730.464,17.6334,917.412,-612.502,176.49,921.399,-620.479
2682,-66.6082,1021.4,-614.076,4.3221,991.703,-853.747,9.7031,1007.51,-735.956,13.1087,1022.45,-617.739,172.059,1025.34,-624.225
2686,-68.4905,1067.43,-616.409,4.10741,1034.11,-855.285,7.24583,1052.01,-738.037,10.9717,1067.03,-619.927,169.587,1068.81,-626.193
2694,-74.899,1138.8,-620.857,-0.965654,1105.28,-859.794,2.86044,1123.06,-741.666,4.67695,1139.64,-623.712,164.045,1141.13,-628.685
2698,-78.7925,1164.81,-622.289,-3.57834,1131.92,-860.367,-0.307247,1149.49,-742.354,1.7197,1166.03,-624.571,160.619,1168.85,-629.362
2702,-81.6838,1186.46,-623.031,-5.0898,1153.27,-860.395,-3.30858,1170.26,-742.486,-1.49674,1187.47,-624.909,157.412,1189.77,-628.544
2710,-85.7847,1217.95,-622.533,-9.24548,1182.34,-860.111,-6.50594,1200.96,-741.952,-7.04837,1217.29,-624.415,152.619,1218.36,-627.386
2714,-86.6228,1228.62,-622.508,-9.79036,1192.48,-859.839,-7.34494,1210.64,-741.714,-7.69757,1227.34,-624.131,151.637,1227.35,-627.134
2722,-86.6333,1243.59,-623.338,-10.5712,1205.39,-860.57,-8.34013,1224.02,-742.539,-6.94517,1241.9,-625.006,151.769,1240.87,-628.118
2730,-84.2577,1254.55,-625.054,-10.145,1213.14,-862.669,-7.03487,1232.86,-745.204,-4.92643,1251.37,-627.516,154.433,1247.48,-632.016
2734,-82.9806,1257.03,-627.263,-10.0034,1216.15,-865.314,-5.98641,1235.88,-747.062,-3.62315,1254.24,-629.867,155.353,1249.14,-633.635
2741,-81.7207,1257.94,-631.401,-8.7341,1219.35,-870.648,-5.2006,1237.18,-752.332,-2.54537,1255.34,-634.977,156.803,1252.39,-639.259
2745,-81.6182,1257.11,-636.735,-8.24171,1220.31,-875.134,-4.75256,1238.01,-757.291,-2.27708,1255.11,-639.534,157.081,1253.18,-644.481
2752,-82.3295,1254.61,-649.282,-9.67002,1220.56,-887.974,-5.60868,1237.71,-769.617,-2.68268,1254.18,-651.922,156.473,1254.17,-657.426
2756,-82.517,1255.31,-658.985,-9.76856,1220.59,-898.066,-5.70717,1237.5,-779.785,-2.79004,1253.55,-661.797,156.444,1252.71,-667.364
2765,-85.6542,1254.12,-689.116,-13.327,1218.88,-927.9,-9.30463,1236.62,-809.978,-6.84402,1253.46,-692.094,152.897,1253.3,-698.079
2771,-88.227,1251.89,-714.447,-16.8561,1217.64,-953.823,-12.6399,1235.45,-836.014,-8.84591,1252.62,-718.186,150.509,1254,-724.842
2778,-90.0501,1249.9,-749.549,-20.8472,1218.01,-989.655,-14.6357,1234.85,-871.509,-10.2628,1250.54,-753.898,148.648,1252.57,-761.564
2782,-90.669,1249.29,-772.976,-23.1556,1218.7,-1013.62,-16.0707,1234.79,-895.332,-10.8608,1249.69,-777.352,147.992,1250.3,-786.125
2789,-91.1002,1249.59,-819.605,-24.9968,1221.49,-1060.59,-18.1321,1235.81,-942.466,-11.8711,1248.81,-824.589,147.28,1248.37,-834.982
2793,-92.1109,1249.83,-849.424,-26.2679,1223.15,-1091.6,-19.8761,1237.41,-973.596,-13.1888,1249.76,-854.943,146.398,1250.03,-865.487
2797,-93.0306,1250.44,-882.468,-27.8123,1224.97,-1124.28,-19.6347,1238.88,-1006.07,-14.1646,1251.01,-887.824,145.521,1252.31,-898.616
2805,-93.3654,1257.45,-954.597,-27.1306,1228.65,-1196.49,-19.4421,1242.85,-1077.74,-14.1554,1256.37,-959.911,144.94,1254.18,-969.403
2809,-93.1214,1260.59,-993.289,-26.7012,1229.97,-1234.94,-19.0988,1244.17,-1115.89,-14.1081,1258.57,-998.316,144.805,1255.3,-1007.13
2817,-92.8562,1264.9,-1075.01,-22.8207,1231.45,-1314.63,-17.7611,1247.06,-1196.44,-13.7595,1262.43,-1079.1,145.476,1255.87,-1084.93
2821,-93.4522,1265.26,-1117.38,-20.5015,1232.26,-1355.66,-16.7793,1247.42,-1238.15,-13.8315,1262.4,-1119.99,145.1,1256.67,-1125.03
2829,-93.6249,1262.44,-1201.81,-15.0062,1231.77,-1439.73,-13.8285,1246.25,-1320.54,-13.8283,1260.62,-1202.34,145.612,1258.43,-1203.78
2833,-93.3718,1259.93,-1243.53,-10.7639,1232.09,-1479.56,-12.0783,1245.96,-1361.36,-13.1457,1259.07,-1242.89,145.875,1258.29,-1241.75
2841,-92.465,1251.72,-1324.5,-3.29742,1232.5,-1558.94,-7.71274,1243.68,-1439.88,-12.7596,1254.19,-1321.3,146.142,1260.22,-1316.29
2845,-91.2079,1248.89,-1362.88,0.459806,1232.92,-1597.61,-5.01608,1243.1,-1478.73,-11.4688,1252.04,-1359.74,147.464,1258.67,-1352.89
2853,-86.3216,1244.44,-1437.91,8.59294,1233.62,-1671.29,1.09158,1241.68,-1552.25,-6.72022,1248.92,-1433.98,151.956,1257.4,-1424.98
2861,-79.8528,1246.3,-1510.12,15.0739,1234.27,-1743.18,7.54315,1242.81,-1624.43,-0.28637,1249.93,-1506,158.444,1257.76,-1496.56
2865,-77.9588,1248.67,-1546.16,17.6019,1234.89,-1779.2,10.3638,1243.88,-1660.57,2.4573,1251.62,-1541.81,161.617,1258.5,-1532.72
2872,-74.6774,1250.61,-1608.33,20.4008,1233.22,-1841.21,12.8037,1243.8,-1722.8,5.45121,1253.81,-1604.06,164.325,1259.85,-1594.88
2876,-74.8943,1249.93,-1644.18,20.8331,1231.06,-1876.3,13.5115,1242.54,-1757.74,5.51428,1253.27,-1639.14,164.044,1260.11,-1630.12
2888,-78.1406,1237.49,-1746.59,20.4453,1219.39,-1977.61,10.8046,1232.04,-1859.53,1.29412,1244.02,-1741.5,159.5,1257.08,-1730.96
2895,-79.952,1230.81,-1803.64,20.256,1210.98,-2032.55,10.1254,1224.06,-1915.43,0.0133466,1236.26,-1797.38,158.67,1246.83,-1785.83
2899,-79.9679,1226.19,-1834.44,19.9307,1207.63,-2064.29,8.62534,1219.91,-1946.23,-0.596194,1230.75,-1828.54,158.227,1240.98,-1816.65
2906,-81.2065,1217.72,-1886.46,19.5024,1202.16,-2116.17,8.45888,1212.53,-1998.26,-1.26217,1221.8,-1880.34,157.098,1230.23,-1867.26
2910,-82.0574,1213.26,-1914.56,19.2164,1199.96,-2143.43,8.07351,1209.06,-2026.17,-2.28665,1216.73,-1907.77,156.107,1224.03,-1894.35
2918,-85.2173,1202.83,-1963.22,18.4312,1194.85,-2191.2,6.54501,1201.63,-2073.43,-5.48948,1207.4,-1955.87,152.53,1218.14,-1940.39
2926,-87.1877,1195.41,-2000.12,18.7728,1190.84,-2227.57,5.75557,1196.53,-2109.86,-7.14988,1200.99,-1991.74,149.71,1213.44,-1975.64
2930,-86.5995,1193.9,-2014.05,19.555,1190,-2241.05,6.40527,1195.32,-2122.65,-7.56695,1199.83,-2005.64,150.082,1211.84,-1988.62
2938,-84.808,1194.87,-2031.36,21.534,1189.39,-2258.04,8.13414,1194.87,-2139.5,-5.61347,1200.3,-2023,152.747,1210.7,-2006.1
2942,-83.6701,1195.23,-2035.21,22.8503,1189.55,-2261.17,9.37331,1195.8,-2144.73,-4.31473,1200.95,-2026.48,153.42,1212.96,-2009.99
2949,-80.953,1197.06,-2034.79,24.9833,1190.95,-2261.81,11.8799,1197.34,-2144.57,-1.63711,1202.96,-2026.9,155.675,1216.65,-2010.31
2957,-76.8599,1199.4,-2023.82,27.9499,1192.8,-2251.39,15.5236,1199.93,-2133.19,2.11272,1206.41,-2016.11,159.403,1221.05,-1999.96
2961,-74.3662,1200.57,-2014.44,29.4293,1193.42,-2242.36,17.3228,1200.76,-2124.11,4.41095,1207.78,-2006.98,162.245,1223.45,-1991.62
2969,-69.2199,1201.91,-1987.98,31.6232,1193.86,-2217.78,20.9273,1202.1,-2099.76,10.4631,1209.26,-1981.85,168.109,1224.12,-1969.24
2973,-66.4815,1202.01,-1972.2,32.6091,1193.15,-2201.99,22.479,1201.59,-2084.56,13.1541,1208.76,-1965.92,171.276,1223.03,-1954.7
2981,-62.1627,1198.98,-1933.34,33.5591,1189.61,-2165.01,25.5318,1198.69,-2047.33,17.4444,1205.84,-1928.89,176.175,1219.69,-1919.41
2988,-58.9263,1193.98,-1891.9,34.1336,1185.11,-2125.04,27.1929,1193.57,-2006.89,20.6519,1200.85,-1888.42,179.178,1214.48,-1880.84
2992,-57.7102,1190.58,-1864.68,34.4542,1181.49,-2097.84,28.407,1189.81,-1979.64,22.1191,1197.19,-1861.35,180.638,1210.43,-1855.3
3000,-56.0251,1181.4,-1800.98,33.0945,1172.55,-2035.69,28.5943,1181.33,-1917.55,23.4912,1188.16,-1798.81,182.389,1202.12,-1793.55
3008,-56.2997,1171.84,-1724.4,31.5604,1163.37,-1960.04,27.9313,1171.32,-1841.09,23.5196,1178.63,-1722.66,182.462,1191.96,-1718.52
3016,-56.2671,1162.69,-1634.23,31.0928,1154.53,-1870.43,27.2876,1162.3,-1751.55,23.6217,1168.94,-1632.78,182.548,1180.34,-1629.11
3023,-55.8851,1156.31,-1545.78,30.0595,1147.25,-1782.13,27.0599,1155.2,-1663.19,23.8576,1161.97,-1544.05,182.728,1174.14,-1541.45
3027,-56.0603,1153.21,-1490.91,29.5562,1144.48,-1728,26.9014,1151.93,-1608.64,23.6298,1158.7,-1489.98,182.791,1170.81,-1487.59
3035,-57.9306,1149.23,-1374.79,28.6567,1142,-1611.37,25.7108,1148.87,-1492.69,22.3095,1154.34,-1372.92,181.01,1165.29,-1370.49
3039,-58.62,1148.57,-1315.1,27.6983,1142.77,-1551.86,24.8399,1148.75,-1432.6,21.3595,1154,-1313.67,180.258,1165.35,-1310.6
3047,-60.3607,1148.4,-1190.7,24.7181,1146.16,-1428.69,22.7262,1151.35,-1308.47,19.6997,1155.79,-1189.12,177.822,1171.95,-1187.11
3050,-60.9202,1149.99,-1142.37,25.7001,1147.83,-1378.95,21.6786,1153.14,-1259.95,18.1111,1157.85,-1141.36,177.253,1173.37,-1138.79
3058,-64.0935,1153.47,-1007.82,19.813,1151.93,-1244.8,17.9481,1156.83,-1125.56,15.0735,1161.9,-1006.92,173.943,1178.42,-1005.31
3066,-68.5607,1158.41,-867.066,13.7745,1156.31,-1105.08,12.2658,1161.62,-986.049,11.0129,1166.98,-867.379,169.461,1185.51,-867.179
3070,-70.4297,1162.14,-794.353,9.55958,1158.06,-1033.37,9.66165,1164.55,-914.303,8.99209,1171.06,-795.522,167.368,1189.2,-796.763
3078,-74.7974,1168.51,-647.039,2.92536,1163.08,-886.385,4.21594,1171.24,-767.142,4.48537,1179.11,-648.455,162.331,1201.03,-652.044
3081,-75.3163,1172.11,-590.296,0.221126,1164.93,-829.931,1.92903,1175.06,-711.252,3.81998,1183.96,-592.465,161.157,1207.04,-597.541
3089,-76.0845,1190.54,-437.292,-3.25612,1174.47,-677.982,0.428879,1186.87,-559.33,3.44306,1198.13,-440.669,161.455,1215.16,-448.238
3093,-76.2477,1197.43,-360.106,-5.03962,1178.6,-601.333,-0.160438,1192.14,-482.963,3.06635,1204.39,-364.328,161.51,1219.83,-372.698
3101,-78.4759,1203.45,-207.59,-6.04128,1186.18,-448.358,-2.2552,1198.92,-330.207,0.742218,1211.53,-211.749,158.787,1227.95,-218.671
3109,-81.0374,1203.37,-59.933,-5.31255,1191.79,-300.248,-3.31887,1203.41,-182.16,-2.13476,1214.38,-63.5354,155.829,1235.45,-67.8108
3113,-81.4431,1205.03,10.8172,-4.93058,1194.39,-229.249,-3.12681,1204.83,-110.706,-2.21285,1215.95,7.32127,155.574,1237.41,3.78232
3120,-80.415,1210.24,128.711,-2.84685,1196.3,-110.567,-1.45156,1208.11,8.14364,-0.982076,1218.99,126.435,157.177,1237.16,123.173
3124,-79.1045,1214.72,194.056,-1.96429,1197.12,-44.8158,0.000204935,1209.26,73.7931,0.528748,1220.33,192.355,158.941,1233.41,189.159
3132,-76.2499,1215.51,322.814,-0.483579,1197.43,83.4545,1.95073,1210.45,201.731,3.25275,1223.33,319.794,161.01,1239.54,315.182
3136,-75.2466,1214.92,383.859,-0.0264381,1197.31,144.063,2.95268,1210.58,262.404,4.06823,1223.24,380.495,162.463,1239.56,375.357
3144,-73.2959,1212.05,498.765,3.38216,1197.58,259.803,4.89094,1208.35,378.111,6.19254,1218.77,496.989,164.846,1232.29,492.4
3148,-72.0865,1208.39,554.523,4.01659,1196.86,314.522,5.76365,1206.47,433.315,7.30906,1215.35,552.463,165.767,1229.84,547.509
3156,-67.2224,1204.26,657.616,6.87832,1195.56,417.12,9.74504,1202.93,535.546,12.3379,1209.48,654.58,171.211,1221.21,649.474
3164,-60.1558,1202,754.201,9.69713,1192.7,512.328,14.7355,1200.05,631.246,19.1334,1206.74,749.957,177.999,1217.67,741.97
3168,-57.019,1201.12,799.777,11.1418,1190.84,557.146,17.0993,1198.71,676.213,22.038,1205.95,795.126,180.914,1217.34,785.638
3176,-52.2846,1200.4,881.323,13.8683,1188.3,638.84,20.816,1197.28,757.415,26.9637,1205.49,876.228,185.657,1216.57,865.516
3180,-50.2207,1201.36,916.373,16.0639,1188.09,674.089,23.1068,1197,792.54,28.9284,1205.47,911.095,187.866,1215.01,901.195
3187,-46.6158,1198.57,969.077,19.8903,1189.89,726.973,26.5183,1197.21,845.477,32.6547,1204.03,964.334,191.157,1216.06,954.186
3195,-42.9128,1198.46,1016.42,24.4286,1193.67,774.582,30.7317,1199.23,892.924,36.3122,1204.02,1011.67,194.856,1216.43,1002.37
3199,-41.8297,1200.65,1034.41,26.513,1195.93,792.569,32.8177,1200.73,911.257,37.5237,1205.33,1030.42,196.418,1215.86,1021.9
3207,-41.9922,1203.29,1060.42,28.7527,1200.64,819.331,33.4184,1205.06,938.028,37.1187,1208.87,1057.08,196.135,1221.59,1049.58
3211,-43.0177,1206.09,1068.01,29.2104,1203.11,827.64,33.2717,1207.98,946.578,36.2635,1211.34,1065.36,195.001,1223.61,1058.99
3219,-45.8143,1212.83,1076.49,29.0475,1209.27,836.102,31.6196,1213.5,954.96,33.1311,1217.2,1073.93,192.239,1228.39,1070.06
3227,-50.2686,1218.27,1076.46,27.0397,1214.67,836.589,28.253,1219.11,955.793,28.5132,1222.88,1074.64,187.398,1234.93,1072.32
3230,-52.3394,1219.95,1074.16,26.3703,1216.55,835.052,27.0544,1220.96,954.018,26.8566,1225.13,1073.31,186.017,1237.76,1072.03
3238,-55.0637,1224.48,1066.42,24.1263,1220.06,827.66,24.2448,1225.16,946.348,23.6912,1229.65,1065.25,182.696,1242.44,1064.36
3246,-56.552,1228.04,1051.6,22.1508,1222.17,813.077,23.1986,1227.63,931.648,23.0484,1232.59,1050.68,182.245,1243.77,1049.26
3250,-56.3083,1229.08,1041.79,21.4206,1223.4,802.927,22.5771,1229.06,921.906,22.8636,1233.86,1040.55,182.122,1245.16,1038.39
3258,-54.9526,1235.67,1011.01,19.4842,1226.74,771.361,22.0547,1232.99,889.832,24.5355,1238.87,1008.76,183.85,1246.45,1004.16
3266,-55.2033,1245.8,963.515,17.8227,1231.16,722.927,21.3935,1239.46,841.695,24.3011,1247.24,960.708,183.89,1251.53,954.992
3270,-56.4273,1249.39,933.995,16.0171,1233.73,693.904,19.9462,1242.88,812.401,22.7455,1251.86,931.067,182.312,1257.91,925.261
3278,-62.2894,1257.42,864.064,12.3257,1239.15,624.472,15.0203,1250.22,742.686,17.0766,1261.22,861.306,176.324,1269.86,856.412
3284,-67.8354,1263.84,801.325,9.81306,1242.79,563.421,11.2584,1254.96,681.828,12.2627,1266.86,800.24,171.378,1272.58,797.622
3292,-75.0492,1266.59,714.508,6.29689,1247.37,476.794,5.96193,1259.01,595.616,4.82328,1269.73,713.794,163.927,1277.37,713.297
3296,-76.6877,1268.16,670.431,4.07318,1249.08,432.645,4.29131,1260.66,551.453,3.02375,1271.12,669.559,162.187,1279.38,668.999
3304,-77.8765,1273.19,576.95,1.28328,1251.4,339.3,2.12557,1263.07,457.731,1.80483,1274.23,576.14,161.3,1276.96,574.74
3308,-78.2624,1274.66,528.663,-0.0824309,1252.82,290.116,1.033,1263.76,408.722,1.54837,1274.54,527.62,160.785,1274.66,525.725
3316,-81.3063,1271.4,429.527,-3.84358,1252.97,190.724,-2.11838,1264.1,309.315,-0.880482,1273.74,427.807,158.042,1279.45,424.807
3324,-82.0479,1269.66,327.52,-7.71779,1250.76,87.6164,-4.33634,1261.63,206.313,-2.04282,1271.68,324.985,157.039,1276.59,319.898
3328,-82.5496,1266.87,275.325,-10.4158,1248.19,35.3838,-6.3355,1259.3,153.613,-2.86211,1269.26,272.346,156.204,1273.26,265.654
3336,-84.0358,1258.06,172.554,-15.1826,1239.54,-69.0899,-9.69736,1250.9,49.2916,-4.36662,1261.21,167.743,154.222,1267.77,158.254
3343,-83.2194,1252.92,82.4032,-19.7206,1231.96,-160.338,-11.1389,1242.84,-41.7266,-3.45248,1253.64,76.3519,155.348,1255.4,64.3404
3347,-84.2031,1248.36,29.8541,-20.7661,1226.97,-212.732,-11.6569,1237.98,-94.2929,-4.86086,1247.75,23.9542,154.407,1246.81,12.2095
3355,-87.6806,1234.33,-73.815,-20.6394,1221.07,-316.107,-13.4772,1227.96,-196.961,-7.999,1233.54,-78.3613,151.33,1232.66,-88.0375
3363,-87.9394,1224.31,-173.696,-19.5007,1217.49,-415.69,-13.7682,1222.63,-297.072,-8.47933,1227.64,-177.998,150.779,1234,-186.785
3367,-85.4989,1226.84,-221.826,-17.4191,1216.7,-464.011,-11.3223,1222.91,-345.191,-6.20472,1228.36,-226.737,153.471,1231.94,-235.314
3375,-81.0754,1226.64,-311.25,-13.1617,1214.86,-553.538,-6.48709,1222.41,-434.73,-1.33264,1228.98,-315.96,157.642,1234.7,-325.388
3383,-76.5039,1226.28,-392.192,-6.31993,1213.38,-633.663,-1.3285,1221.39,-514.813,3.47294,1228.91,-395.851,162.667,1235.32,-403.868
3391,-71.9608,1224.17,-462.741,1.14953,1210.88,-703.806,4.56713,1219.71,-584.681,7.58374,1227.63,-466.095,166.597,1235.31,-472.702
3394,-70.9048,1223.07,-486.18,3.99778,1210.12,-727.12,6.6011,1218.64,-607.685,9.0199,1226.62,-488.841,168.126,1235.84,-494.222
3401,-67.4839,1218.74,-533.984,10.4236,1208.83,-773.797,11.6522,1217.38,-654.858,11.9207,1224.23,-536.114,171.074,1235.59,-539.072
3409,-61.8744,1212.9,-576.739,17.2615,1209.22,-816.27,17.5997,1214.88,-696.796,17.5768,1219.54,-577.397,176.659,1233.38,-579.436
3417,-53.7801,1211.56,-607.648,23.4048,1210.87,-847.586,25.4343,1214.05,-728.521,25.9631,1216.61,-609.232,184.675,1227.99,-612.386
3421,-50.5927,1212.24,-620.623,25.7421,1211.28,-861.1,28.0713,1214.31,-741.744,28.8943,1216.79,-622.127,188.145,1226.51,-625.965
3429,-47.791,1211.18,-641.932,28.177,1212.37,-881.872,30.2287,1214.44,-762.501,31.9039,1216.37,-643.408,190.681,1227.41,-647.576
3437,-48.7339,1212.71,-658.404,28.0721,1212.87,-898.278,29.7522,1215.49,-779.018,30.7642,1217.56,-659.998,189.854,1227.52,-663.392
3441,-50.3006,1213.03,-665.742,26.9545,1213.18,-905.434,28.3331,1215.78,-785.757,29.6091,1218.11,-666.791,188.281,1228.32,-669.816
3449,-54.9987,1213.3,-677.244,23.0196,1212.74,-916.629,24.3052,1216.19,-797.1,25.0039,1218.69,-678.317,183.636,1230.77,-680.696
3457,-59.5015,1214.79,-685.29,18.2541,1210.86,-924.711,19.3558,1215.22,-805.589,20.008,1219.13,-686.985,179.169,1228.16,-689.338
3465,-63.8926,1214.29,-692.17,13.7875,1207.52,-931.735,15.3379,1212.4,-812.19,16.1536,1216.41,-693.8,175.389,1221.61,-696.213
3469,-65.2578,1212.92,-695.32,11.6871,1205.84,-934.788,13.5131,1210.39,-816.04,14.8443,1214.61,-696.896,173.883,1218.04,-699.812
3477,-68.3527,1208.67,-702.401,9.08937,1202.81,-941.52,10.6276,1206.21,-822.731,11.8757,1208.87,-702.87,171.108,1210.44,-706.169
3481,-69.5107,1206.4,-705.037,8.55438,1201.3,-944.89,9.86801,1203.66,-825.152,10.4307,1205.54,-706.608,169.542,1206.32,-708.596
3488,-70.8061,1201.81,-710.126,9.08639,1198.9,-948.563,9.20332,1200.38,-829.339,9.25972,1201.15,-710.312,167.96,1201.41,-711.655
3492,-70.6235,1200.76,-711.621,9.34285,1198.09,-950.674,9.41619,1199.12,-831.416,8.97359,1199.86,-712.06,168.019,1199.94,-713.168
3500,-68.9483,1201.15,-714.224,11.2292,1197.62,-952.629,11.3311,1198.91,-834.172,10.8405,1199.69,-714.927,170.225,1198.07,-715.376
3504,-67.8319,1202.88,-715.928,13.3571,1197.9,-953.891,12.772,1199.55,-834.98,12.226,1200.89,-715.96,171.602,1197.89,-716.329
3512,-65.5128,1208.43,-718.951,16.8657,1200.53,-956.866,16.245,1203.42,-837.562,14.3597,1205.5,-718.424,173.623,1200.56,-717.335
3520,-63.6986,1215.31,-720.85,21.0313,1204.56,-957.747,19.0079,1209.5,-838.834,16.0498,1212.85,-719.467,175.341,1208.19,-716.722
3528,-61.1216,1224.37,-720.653,25.9959,1209.93,-956.435,22.6431,1215.56,-837.615,18.5858,1220.7,-718.506,177.836,1214.04,-714.784
3532,-59.3293,1228.64,-720.146,27.3219,1211.98,-955.506,24.4772,1219.11,-836.364,20.2121,1224.51,-717.458,179.01,1217.41,-713.48
3540,-56.4095,1236.08,-717.895,32.025,1216.5,-952.799,28.2406,1224.31,-833.599,23.3602,1230.94,-715.336,181.934,1221.86,-709.204
3544,-55.8635,1238.18,-716.942,33.7593,1218.77,-951.31,29.5574,1226.54,-832.312,24.4725,1233.07,-713.703,182.839,1224.35,-707.895
3552,-54.3472,1237.81,-714.297,35.7794,1221.24,-948.66,31.5831,1228.55,-829.574,25.6772,1235.02,-710.833,184.511,1230.68,-704.52
3560,-52.6398,1236.25,-711.494,37.8624,1221.74,-946.295,33.0067,1229.31,-827.404,27.2481,1235.87,-708.457,186.359,1235.83,-702.265
3568,-51.2844,1234.45,-709.222,39.6098,1221.48,-943.919,34.3727,1229.22,-824.98,28.6439,1235.86,-706.23,187.719,1240.48,-700.419
3572,-50.9501,1232.36,-708.206,40.3621,1221.19,-942.735,34.8551,1229,-823.954,28.9733,1235.66,-705.264,187.858,1243.05,-699.049
3580,-50.2168,1223.08,-705.528,40.9234,1220.04,-940.752,35.4995,1227.29,-821.832,29.3911,1233.64,-702.812,186.898,1255.03,-696.89
3587,-48.2498,1210.77,-703.195,40.9539,1218.85,-938.68,35.3271,1225.28,-819.619,29.5008,1230.52,-700.761,183.031,1271.56,-696.117
3595,-43.2768,1197.04,-699.864,40.7418,1217.64,-936.528,35.9167,1223.23,-817.492,30.5339,1227.9,-699.683,176.645,1290.43,-695.358
3602,-37.069,1189.68,-697.176,41.7046,1216.93,-935.044,37.6384,1222.74,-816.332,33.6414,1227.92,-696.232,172.36,1305.38,-696.335
3610,-25.326,1181.56,-693.717,42.9806,1216.07,-933.018,41.2453,1223.08,-814.086,38.9868,1229.4,-694.059,165.316,1325.99,-699.589
3613,-19.9643,1178.3,-692.243,44.8553,1215.51,-932.284,42.3862,1223.39,-813.521,41.2814,1230.39,-694.437,161.671,1334.12,-700.483
3621,-1.11721,1165.09,-689.596,46.8112,1214.08,-932.163,46.1344,1221.83,-812.798,47.4914,1228.65,-694.071,142.942,1355.72,-703.833
3624,7.36537,1159.1,-689.1,47.3084,1212.69,-932.058,48.6785,1219.97,-812.776,50.3614,1226.7,-693.887,133.962,1361.69,-704.152
3632,27.8947,1147.95,-689.171,52.6625,1208.36,-931.999,53.8426,1215.82,-813.134,56.6079,1222.53,-694,112.494,1371.32,-705.451
3640,47.2243,1142.25,-690.007,56.2553,1205.76,-933.046,59.0298,1213.75,-814.642,62.7757,1220.91,-695.444,92.695,1376.74,-707.575
3648,68.2537,1139.5,-691.724,61.1206,1201.98,-935.406,64.0244,1211.24,-816.594,69.0517,1219.2,-698.366,68.7915,1378.54,-709.853
3651,75.7644,1138.88,-692.645,62.947,1200.54,-936.343,66.373,1210.59,-817.897,70.5119,1218.32,-698.712,60.002,1377.61,-710.882
3659,96.8315,1139.55,-694.329,69.3021,1197.65,-938.832,71.8605,1208.11,-819.865,76.7165,1215.73,-701.086,35.0891,1370.17,-712.581
3667,119.932,1142.04,-698.822,76.968,1193.94,-941.596,79.0698,1203.13,-823.497,82.4062,1212.25,-704.503,7.35479,1352.78,-713.235
3675,143.745,1149.95,-703.879,84.5081,1190.29,-947.098,85.9063,1198.74,-827.752,88.9987,1207.84,-709.269,-20.775,1322.93,-715.312
3678,150.2,1153.07,-705.237,87.7848,1189.08,-948.963,88.5952,1196.68,-830.183,90.4564,1205.38,-711.811,-29.056,1310.65,-716.325
3686,162.725,1160.92,-711.807,92.5794,1186.69,-954.304,94.397,1194.75,-835.295,94.0488,1201.07,-716.386,-43.7601,1280.14,-718.448
3690,167.785,1166.25,-714.286,95.4821,1185.99,-955.997,94.5806,1193.59,-836.872,95.9606,1199.77,-719.457,-48.3846,1267.21,-720.488
3698,179.572,1179.83,-722.102,100.546,1185.08,-961.589,100.343,1192.48,-842.642,101.781,1199.09,-724.364,-52.7593,1237.01,-724.68
3706,190.972,1201.86,-731.151,107.12,1187.23,-967.041,108.803,1195.23,-848.108,111.647,1201.67,-728.853,-47.9647,1199.67,-726.869
3710,192.027,1210.71,-733.384,106.745,1190.19,-969.169,110.162,1196.45,-849.53,112.629,1203.3,-730.889,-45.9972,1187.07,-727.829
3718,183.657,1231.02,-735.842,106.613,1193.2,-971.264,106.447,1202.41,-852.292,106.163,1209.27,-734.591,-46.4187,1165.92,-730.917
3726,169.824,1256.03,-734.305,105.996,1198.88,-972.516,101.635,1211.45,-854.368,97.9629,1220.53,-739.619,-43.8755,1149.1,-734.114
3730,163.852,1267.65,-736.171,104.865,1202.08,-973.32,99.2059,1215.38,-854.897,95.8233,1226.5,-737.759,-40.2323,1142.95,-735.264
3738,152.713,1286.59,-740.208,103.545,1207.52,-975.003,97.933,1221.78,-856.696,91.3929,1234.23,-740.103,-30.1159,1131.74,-734.039
3742,148.023,1294.04,-742.368,103.632,1208.98,-975.522,97.6618,1223.93,-857.327,89.7495,1238.19,-740.978,-23.5012,1126.53,-733.779
3750,135.997,1308.84,-746.761,104.666,1212.64,-977.712,96.0668,1227.77,-860.635,88.45,1244.43,-741.386,-4.58935,1114.97,-732.453
3758,116.974,1323.02,-751.598,106.34,1218.76,-979.759,97.1897,1235.2,-861.49,84.7187,1250.2,-745.702,21.6795,1103.52,-731.229
3761,110.262,1325.87,-753.902,107.419,1219.56,-979.954,95.8756,1235.98,-862.923,83.8812,1251.13,-746.353,31.4937,1100.61,-732.035
3768,98.4036,1328.3,-755.319,106.558,1218.43,-980.905,93.8273,1236.04,-863.626,78.6035,1251.5,-748.065,41.4413,1096.49,-730.352
3772,98.9414,1324.8,-753.739,106.476,1215.98,-980.49,91.3839,1232.01,-863.652,76.7295,1248.09,-747.57,34.6592,1095.07,-730.013
3779,114.568,1312.99,-750.453,107.06,1208.24,-978.122,94.0574,1224.72,-861.866,81.7712,1241.39,-744.462,13.9364,1095.82,-731.954
3783,118.131,1313.56,-751.517,107.69,1207.7,-978.15,97.5854,1224.27,-861.13,84.2272,1240.1,-745.487,19.9367,1095.14,-730.551
3791,118.853,1317.43,-752.318,112.963,1209.97,-978.653,105.549,1225.98,-860.541,97.7096,1241.29,-743.949,54.0063,1087.77,-727.277
3795,116.578,1317.34,-749.864,114.94,1210.86,-977.283,107.408,1225.38,-860.295,101.144,1239.91,-741.71,73.4573,1082.34,-725.801
3803,109.676,1312.38,-740.719,119.532,1212.15,-971.657,113.588,1222.92,-853.272,108.097,1232.5,-734.975,107.101,1072.95,-721.568
3807,107.519,1308.39,-736.796,121.949,1211.38,-968.584,117.283,1219.95,-849.125,112.132,1229.32,-731.139,122.658,1069.32,-719.638
3814,108.462,1300.62,-732.063,125.972,1207.46,-965.479,123.847,1215.16,-846.252,120.426,1222.26,-727.365,146.638,1064.26,-718.19
3818,105.033,1296.93,-731.147,128.012,1205.72,-964.698,125.953,1212.5,-845.381,123.113,1219.66,-726.983,160.662,1063.9,-718.494
3825,92.0206,1292.05,-733.418,128.144,1203.9,-966.535,126.534,1211.7,-847.911,124.89,1219.79,-729.188,192.109,1074.48,-720.213
3829,87.9785,1289.82,-734.503,127.369,1203.62,-968.47,126.928,1211.74,-849.161,125.845,1219.79,-731.252,203.808,1080,-722.419
3833,84.8519,1288.12,-735.032,126.049,1204.04,-969.98,126.449,1211.79,-850.258,125.843,1219.47,-732.177,210.1,1083.41,-724.392
3841,76.2173,1284.11,-735.292,122.029,1207.63,-971.16,123.497,1213.82,-851.731,123.067,1219.43,-732.657,217.848,1090.92,-727.991
3845,66.0677,1286.54,-737.855,119.006,1209.98,-972.151,117.801,1217.45,-853.061,116.033,1224.89,-734.144,218.261,1101.57,-726.666
3853,55.437,1302.13,-744.221,112.564,1217.97,-974.956,111.037,1230.59,-855.123,108.051,1242.92,-737.853,214.294,1124.77,-723.455
3861,39.0651,1318.47,-749.01,102.514,1231.82,-977.265,100.82,1249.14,-858.93,99.8146,1266.88,-740.766,219.899,1163.36,-724.98
3865,27.4919,1321.91,-750.018,95.2457,1239.4,-978.812,94.9857,1259.27,-860.367,93.2103,1277.38,-743.16,224.571,1187.75,-728.516
3872,3.55204,1315.84,-749.845,81.351,1249.01,-979.687,80.5572,1269.4,-862.226,79.1474,1290.29,-744.386,229.083,1237.32,-735.314
3876,-5.25787,1311.36,-749.833,75.5358,1252.39,-980.799,74.4877,1273.41,-862.888,72.6175,1293.22,-746.171,227.615,1257.57,-738.334
3884,-15.1705,1308.49,-750.164,68.4553,1257.6,-982.635,65.7739,1278.48,-865.507,63.136,1298.34,-748.758,221.959,1281.1,-742.649
3887,-17.4785,1310.39,-751.116,66.7767,1258.25,-983.172,63.9079,1279.67,-866.045,61.5795,1299.82,-748.815,219.92,1282.8,-743.218
3895,-21.0012,1310.54,-750.733,61.2539,1258.73,-983.948,60.1176,1280.99,-866.117,57.3075,1301.15,-749.569,216.263,1285.16,-744.626
3903,-26.2061,1305.07,-750.036,56.5842,1256.93,-982.565,54.481,1278.01,-865.447,53.2064,1297.96,-748.39,212.146,1286.23,-745.27
3907,-27.0136,1303.76,-749.189,54.0813,1254.7,-982.25,53.4745,1275.75,-865.213,51.8607,1295.97,-747.916,210.473,1282.07,-744.879
3914,-28.7435,1300.13,-747.239,50.9051,1250.33,-981.528,50.9277,1271.23,-864.228,49.454,1290.76,-747.368,208.51,1272.87,-743.837
3922,-32.1702,1290.88,-745.459,46.0765,1241.38,-980.28,47.2081,1261.97,-862.101,46.5786,1280.91,-745.192,204.866,1262.94,-742.798
3926,-34.3674,1286.07,-745.346,44.6264,1234.92,-979.591,45.2223,1255.7,-861.652,44.2342,1275.22,-744.382,202.296,1256.06,-741.851
3930,-37.1024,1279.98,-745.574,42.9886,1227.26,-978.856,42.867,1248.5,-861.357,41.3277,1268.22,-744.047,199.503,1247.93,-740.564
3938,-44.395,1253.87,-743.468,36.711,1203.62,-976.835,36.0356,1225.77,-859.663,34.6199,1247.56,-742.643,193.665,1235.16,-739.57
3942,-48.9701,1232.34,-741.338,32.6847,1186.12,-975.519,31.8339,1208.54,-857.931,30.6122,1230.46,-741.482,189.911,1229,-740.509
3950,-56.2085,1178.18,-737.726,25.24,1138.53,-972.96,24.8189,1162.09,-855.807,23.8905,1185.73,-739.026,181.673,1202.48,-742.378
3958,-59.1722,1116.3,-734.846,21.6898,1075.15,-970.052,21.2389,1099.55,-853.762,20.6535,1124.85,-737.132,178.798,1142.59,-741.747
3962,-60.5971,1080.08,-734.78,20.7365,1036.62,-969.57,20.2869,1061.42,-852.949,19.5803,1086.19,-736.603,178.436,1099.84,-739.915
3970,-60.9946,989.532,-732.007,20.1565,944.668,-966.717,19.7844,969.739,-849.953,19.214,992.65,-732.767,178.066,999.251,-734.555
3974,-60.8045,933.086,-728.787,19.5057,892.444,-964.509,19.2157,914.059,-847.486,18.7996,936.324,-730.034,178.168,945.352,-731.722
3982,-59.8243,805.764,-721.756,20.3561,776.245,-958.39,20.4832,795.141,-840.448,19.6465,812.583,-722.829,178.648,827.105,-725.447
3986,-57.9586,740.732,-717.561,21.5872,716.294,-955.381,22.0372,731.912,-836.9,21.9715,747.08,-719.033,180.604,760.278,-721.884
3994,-52.5048,610.139,-710.434,24.8903,592.83,-949.497,26.6084,603.532,-830.836,27.7533,613.304,-711.443,186.339,620.146,-715.091
3998,-49.2185,546.11,-706.742,26.9485,532.497,-946.63,29.1974,539.953,-827.94,30.6139,547.113,-708.587,190.175,550.633,-712.427
4006,-46.3411,418.892,-701.579,29.688,417.545,-941.956,31.7652,419.249,-823.062,33.5862,420.45,-703.439,193.178,423.566,-707.336
4014,-44.5498,310.036,-699.055,30.9167,316.295,-939.234,33.3925,313.507,-820.354,34.9781,309.918,-700.917,194.76,309.071,-704.686
4022,-45.1898,227.924,-698.971,31.1588,233.967,-938.966,32.9446,228.672,-820.199,34.2753,222.785,-700.791,193.71,212.609,-704.044
4026,-47.5673,193.899,-700.227,29.8413,199.715,-939.734,31.4091,194.14,-821.004,32.0436,187.721,-702.012,191.694,176.163,-704.817
4034,-56.3732,139.086,-705.34,25.6811,145.728,-943.338,24.8087,140.29,-824.493,23.585,134.047,-705.229,182.878,124.712,-705.641
4038,-60.483,120.819,-708.16,22.8984,125.962,-945.603,21.7323,121.119,-826.525,18.8336,115.991,-707.435,178.493,105.47,-705.947
4046,-71.1119,93.9843,-713.481,17.1398,96.6266,-949.299,13.1877,93.5201,-830.558,7.98213,89.8213,-711.492,167.975,80.5529,-706.841
4050,-75.9468,83.6047,-715.794,14.3759,86.5315,-950.779,9.71719,83.73,-831.588,3.9049,80.6644,-712.803,163.55,74.1525,-706.624
4058,-80.2399,70.8438,-718.912,10.8699,73.1474,-953.552,5.47808,71.7369,-834.554,-0.37346,69.4285,-715.567,158.749,67.2796,-708.687
4062,-80.0444,68.2886,-720.342,10.6729,68.739,-955.042,5.35081,68.6611,-836.393,-0.170014,67.2644,-716.884,159.173,64.1434,-710.397
4070,-77.7131,62.988,-723.197,11.0876,64.0573,-958.993,7.30458,63.9186,-839.732,2.20446,62.7961,-720.952,161.704,61.9152,-715.591
4074,-75.2145,61.8923,-724.302,12.1215,62.967,-960.388,9.03653,62.7861,-841.103,4.64442,61.4677,-722.433,164.033,59.9548,-717.624
4082,-68.8376,63.9203,-722.773,16.1579,62.5372,-960.18,13.9036,62.2382,-840.778,10.9474,61.1652,-721.969,170.673,56.6109,-718.968
4086,-67.0704,62.696,-721.646,16.715,62.1588,-959.451,15.1452,61.906,-839.991,13.0151,60.7579,-720.995,172.631,58.2956,-719.365
4094,-65.2866,56.6208,-719.772,17.1567,59.2796,-957.628,16.0386,58.5136,-838.709,14.9395,56.7777,-719.288,174.766,56.1223,-718.68
4098,-64.7787,52.3474,-718.733,16.9776,57.0115,-956.839,16.6357,55.1774,-837.875,15.4231,52.2895,-718.131,175.018,52.461,-718.156
4106,-65.1358,47.5443,-717.727,16.901,54.7816,-955.683,16.3519,51.9839,-836.608,14.8125,48.5186,-717.49,174.013,49.6131,-717.243
4110,-66.0217,46.3378,-717.991,15.9945,54.8949,-955.747,15.5797,51.9268,-836.73,13.9034,48.632,-717.503,173.293,52.3072,-716.631
4117,-66.8279,44.7238,-718.133,15.0482,54.5589,-955.861,14.6796,51.2945,-836.978,13.0439,48.0671,-717.583,172.37,53.5434,-716.456
4125,-65.2696,46.9595,-717.915,16.4654,54.6315,-955.84,16.0701,51.4673,-836.875,14.4763,48.1167,-717.717,173.921,49.2441,-717.487
4129,-64.8541,47.3491,-717.715,16.6365,54.601,-955.834,16.3018,51.5457,-836.871,14.8881,48.1294,-717.675,174.627,48.437,-717.729
4136,-64.7708,47.3651,-717.663,16.5746,54.572,-955.824,16.2975,51.5501,-836.801,14.9661,48.0958,-717.73,174.682,48.3997,-717.783
4143,-64.877,47.4118,-717.837,16.7548,54.3861,-955.906,16.3305,51.456,-836.935,14.9606,48.1099,-717.696,174.628,48.4109,-717.743
4147,-64.963,47.4696,-718.143,17.2984,54.0466,-956.028,16.4494,51.3852,-837.006,14.8891,48.2506,-717.808,174.572,48.4289,-717.478
4155,-64.7125,48.1409,-718.399,16.9228,52.2373,-956.561,16.2346,50.6309,-837.61,15.2502,48.6656,-718.262,174.856,48.4337,-718.367
4158,-64.5308,48.5811,-718.779,16.7326,51.0342,-957.035,16.1634,50.1839,-838.091,15.4386,48.9391,-718.702,174.962,48.4207,-719.001
4166,-64.0944,49.2146,-719.437,15.9716,49.4588,-958.048,16.0585,49.7097,-839.001,15.8916,49.0332,-719.851,175.32,48.2174,-720.833
4174,-64.0181,49.2144,-719.406,15.9764,49.4886,-958.064,16.0397,49.7012,-839.016,15.9219,49.0675,-719.861,175.362,48.2717,-720.835
4177,-64.0799,49.1995,-719.405,15.9377,49.4441,-958.042,16.039,49.6948,-838.991,15.9022,49.0579,-719.895,175.359,48.2208,-720.838
4181,-64.072,49.2048,-719.432,15.947,49.4513,-958.026,16.0516,49.6816,-838.991,15.9167,49.0512,-719.844,175.376,48.212,-720.843
4189,-64.0456,49.1695,-719.397,15.9834,49.4473,-958.054,16.061,49.7154,-839.008,15.8886,49.069,-719.879,175.372,48.2181,-720.854
4197,-64.0887,49.1834,-719.431,15.9953,49.4878,-958.036,16.0639,49.7007,-839.007,15.9027,49.0668,-719.842,175.37,48.1897,-720.863
4201,-64.0388,49.1882,-719.435,15.9725,49.4999,-958.128,16.0506,49.7234,-838.978,15.91,49.0742,-719.827,175.35,48.2216,-720.838
4209,-63.8784,49.2544,-719.282,15.9363,49.5099,-958.101,16.0279,49.6761,-839.009,15.936,49.0698,-719.809,175.373,48.2208,-720.853
4213,-63.8947,49.2763,-719.299,16.0449,49.4444,-958.127,16.0504,49.6956,-838.991,15.9129,49.0458,-719.836,175.364,48.2377,-720.892
4221,-63.8729,49.1926,-719.304,16.0199,49.4484,-958.121,16.1384,49.7156,-838.997,15.913,49.0393,-719.803,175.338,48.1999,-720.866
4225,-64.0316,49.1212,-719.43,16.0206,49.3888,-958.124,16.1551,49.7315,-839.006,15.9122,49.077,-719.841,175.358,48.2187,-720.839
4233,-64.0536,49.2108,-719.392,16.0563,49.4374,-958.148,16.1908,49.6835,-838.996,15.8939,48.8918,-719.913,175.379,48.2163,-720.837
4237,-64.1106,49.1562,-719.405,16.0589,49.4493,-958.135,16.173,49.6548,-839.001,15.9158,48.879,-719.961,175.358,48.2247,-720.864
4241,-64.0272,49.1749,-719.402,16.0098,49.5349,-958.135,16.1962,49.6816,-838.984,15.8966,48.9152,-719.91,175.366,48.2165,-720.86
4249,-64.0306,49.1604,-719.401,16.0705,49.4861,-958.102,16.2002,49.7025,-839.016,15.9177,48.8889,-719.914,175.351,48.225,-720.827
4252,-64.0489,49.1939,-719.377,16.0571,49.4862,-958.11,16.1634,49.6651,-838.992,15.9286,48.8754,-719.923,175.358,48.2194,-720.839
4260,-64.0034,49.1994,-719.354,16.0726,49.4933,-958.107,16.1353,49.6618,-839.07,15.8871,48.8808,-719.96,175.368,48.2354,-720.833
4264,-64.0548,49.2125,-719.436,16.0577,49.4795,-958.117,16.1687,49.6888,-839.046,15.9472,48.8835,-719.912,175.325,48.2272,-720.832
4275,-64.0885,49.2325,-719.449,15.8339,49.8366,-958.047,16.1561,49.6584,-839.061,15.92,48.8926,-719.913,175.312,48.2239,-720.852
4279,-64.0353,49.1791,-719.439,15.7981,49.8794,-958.073,15.8629,49.9852,-839.133,15.9876,48.8732,-719.919,175.335,48.2119,-720.865
4283,-64.0491,49.1824,-719.424,15.7775,49.7666,-958.192,15.9654,50.0399,-838.981,16.0259,48.9154,-719.848,175.328,48.172,-720.882
4291,-64.0685,49.1372,-719.434,15.7921,49.8935,-958.117,15.9541,50.0568,-838.992,15.9846,48.9104,-719.928,175.475,48.5508,-720.59
4295,-64.0623,49.1597,-719.424,15.7776,49.9012,-958.1,15.9147,50.0689,-839.035,16.0067,48.9054,-719.92,175.465,48.4973,-720.616
4301,-64.0573,49.2175,-719.397,15.7986,49.8828,-958.086,15.8762,50.3269,-838.851,15.9844,48.9002,-719.927,175.496,48.5657,-720.579
4309,-64.0391,49.2374,-719.382,15.7967,49.8559,-958.109,16.2778,49.5046,-839.014,15.9525,48.9179,-719.861,175.558,48.5253,-720.61
4317,-64.0367,49.2052,-719.384,16.0823,49.4983,-958.053,16.0948,49.8986,-838.924,15.9994,48.8781,-719.867,175.503,48.5562,-720.613
4322,-64.0297,49.1644,-719.423,16.0396,49.4821,-958.098,16.1155,49.6739,-839.078,15.9932,48.8942,-719.847,175.491,48.5641,-720.637
4329,-64.0475,49.2276,-719.381,16.0547,49.4457,-958.083,16.1558,49.7285,-839.03,15.952,48.8891,-719.913,175.502,48.5268,-720.639
4340,-64.071,49.1884,-719.43,16.0463,49.4783,-958.098,16.2026,49.7054,-839.018,15.9698,48.903,-719.87,175.574,48.5102,-720.664
4343,-64.0659,49.1452,-719.404,16.0406,49.4556,-958.097,16.1623,49.6566,-839.005,15.9532,48.9346,-719.887,175.536,48.574,-720.613
4351,-64.026,49.1513,-719.456,16.0283,49.4905,-958.118,16.1706,49.6716,-839,15.9872,48.8872,-719.898,175.584,48.5225,-720.601
4356,-64.0391,49.1599,-719.405,16.047,49.4778,-958.1,16.1528,49.6576,-839.034,15.9803,48.9005,-719.928,175.557,48.566,-720.591
4362,-64.0636,49.1824,-719.386,16.0766,49.5336,-958.026,16.1909,49.6735,-838.994,15.9468,48.8975,-719.942,175.548,48.5362,-720.62
4370,-64.0424,49.1744,-719.427,16.0415,49.4381,-958.128,16.1938,49.6927,-838.974,15.9587,48.8927,-719.864,175.54,48.5067,-720.591
4377,-64.0048,49.1643,-719.388,16.0244,49.4712,-958.129,16.1657,49.7159,-839.006,15.9743,48.924,-719.919,175.59,48.5475,-720.565
4385,-64.0574,49.1829,-719.424,16.0097,49.495,-958.143,16.1526,49.6898,-838.99,15.9583,48.8689,-719.932,175.498,48.5269,-720.614
4389,-64.0604,49.1582,-719.416,15.996,49.4963,-958.158,16.1631,49.7017,-839.008,16.0051,48.8892,-719.849,175.508,48.5383,-720.619
4396,-64.0277,49.1658,-719.389,16.0706,49.452,-958.096,16.2064,49.6898,-838.971,15.9689,48.8934,-719.889,175.574,48.4967,-720.615
4404,-64.0286,49.1479,-719.437,16.0138,49.2823,-958.27,16.1176,49.6622,-838.988,15.9197,48.9092,-719.909,175.513,48.565,-720.615
4411,-64.0327,49.1628,-719.385,16.0757,49.4537,-958.109,16.1496,49.6702,-839.043,15.9532,48.9114,-719.911,175.517,48.4849,-720.596
4415,-64.0755,49.1752,-719.391,16.0387,49.5092,-958.1,16.0914,49.8633,-838.906,15.9473,48.9338,-719.925,175.575,48.5264,-720.627
4422,-64.0339,49.1641,-719.429,16.023,49.5079,-958.089,16.1551,49.6559,-839.026,15.9332,48.9015,-719.949,175.496,48.4983,-720.631
4430,-64.0158,49.1977,-719.413,16.0174,49.488,-958.165,16.175,49.685,-839.027,15.9127,48.8904,-719.959,175.573,48.5296,-720.618
4433,-64.0337,49.2018,-719.373,16.0476,49.4066,-958.146,16.1657,49.7054,-838.986,15.9753,48.9053,-719.904,175.556,48.5395,-720.624
4441,-64.0301,49.2004,-719.389,16.0471,49.4511,-958.12,16.1669,49.6733,-838.998,15.964,48.8972,-719.909,175.557,48.4979,-720.583
4445,-64.0319,49.169,-719.357,15.9993,49.4658,-958.112,16.1578,49.7249,-838.992,15.9907,48.9127,-719.933,175.522,48.5423,-720.649
4452,-64.0427,49.1869,-719.355,16.0232,49.4433,-958.163,16.1713,49.7142,-838.989,15.9502,48.9029,-719.947,175.525,48.5205,-720.654
4460,-64.012,49.2357,-719.396,16.0473,49.4604,-958.111,16.1659,49.6947,-839.046,15.9284,48.9535,-719.893,175.571,48.4948,-720.625
4464,-64.0189,49.2126,-719.377,15.9929,49.4947,-958.143,16.1567,49.6734,-839.006,15.9581,48.9673,-719.917,175.543,48.5234,-720.611
4471,-64.0465,49.1908,-719.437,16.0547,49.4759,-958.109,16.1981,49.7144,-838.959,15.9559,48.8588,-719.941,175.548,48.5231,-720.614
4478,-64.0439,49.2145,-719.434,16.0037,49.4763,-958.117,16.1974,49.6819,-838.978,15.9744,48.8535,-719.924,175.571,48.505,-720.599
4485,-64.1391,49.1941,-719.451,16.0531,49.5004,-958.084,16.1688,49.6892,-838.982,15.9498,48.9241,-719.892,175.546,48.4928,-720.634
4489,-64.0397,49.1735,-719.459,16.0547,49.5068,-958.109,16.1668,49.7022,-838.987,15.9478,48.9284,-719.914,175.526,48.5165,-720.624
4497,-64.0618,49.1872,-719.38,16.0178,49.4833,-958.116,16.1576,49.7338,-839.016,15.9592,48.8852,-719.922,175.528,48.5267,-720.58
4504,-64.0836,49.1741,-719.383,16.0466,49.4377,-958.106,16.1143,49.7375,-839.019,15.9066,48.9289,-719.944,175.561,48.5706,-720.606
4507,-64.0421,49.1949,-719.39,16.0624,49.488,-958.112,16.1682,49.6554,-839.031,15.9265,48.9397,-719.89,175.512,48.5327,-720.678
4515,-64.0405,49.1588,-719.434,16.1058,49.475,-958.09,16.1428,49.6468,-839.02,15.9558,48.8787,-719.907,175.546,48.5131,-720.6
4522,-64.0162,49.1925,-719.406,16.0237,49.3224,-958.255,16.1818,49.7206,-839.01,15.9647,48.8781,-719.938,175.541,48.5632,-720.588
4526,-64.0394,49.1682,-719.373,16.0549,49.4762,-958.128,16.1776,49.7059,-839.002,15.9425,48.9139,-719.942,175.546,48.5596,-720.611
4534,-64.0294,49.2025,-719.39,16.0199,49.514,-958.07,16.195,49.6735,-838.985,15.9354,48.9623,-719.907,175.295,48.9293,-720.527
4538,-64.0259,49.1592,-719.408,16.0971,49.4266,-958.101,16.137,49.6627,-839.049,16.0097,48.8955,-719.883,175.313,48.8668,-720.62
4546,-63.9918,49.2128,-719.376,16.0256,49.3198,-958.265,16.1507,49.6954,-839.028,16.0062,48.9262,-719.885,175.276,48.8781,-720.619
4550,-64.0616,49.1764,-719.38,16.0296,49.3434,-958.239,16.1478,49.6832,-839.023,15.7645,49.2468,-719.862,175.308,48.8961,-720.597
4557,-64.2521,49.6106,-719.258,16.0611,49.4875,-958.071,15.9138,50.0199,-839.027,15.7441,49.3126,-719.857,175.309,48.8814,-720.568
4565,-64.2601,49.5802,-719.355,15.8987,49.8248,-958.044,15.9577,50.0539,-838.993,15.7731,49.3229,-719.874,175.279,48.8993,-720.562
4569,-64.2782,49.5645,-719.359,15.8043,49.8862,-958.044,15.9436,50.0556,-839.001,15.7675,49.3022,-719.85,175.279,48.8857,-720.614
4570,-64.2377,49.5937,-719.416,15.8391,49.8697,-958.091,15.8652,50.269,-838.812,15.7729,49.2543,-719.884,175.316,48.8491,-720.582
