   3.1621348e+02  -1.8651685e+02   1.0000000e+00   0.0000000e+00
   3.1424742e+02  -3.0582474e+02   1.0000000e+00   0.0000000e+00
   3.1067368e+02  -5.8548421e+02   1.0000000e+00   0.0000000e+00
   3.0720238e+02  -8.2261905e+02   1.0000000e+00   0.0000000e+00
   7.3765385e+02  -1.0830769e+02   1.0000000e+00   0.0000000e+00
   7.3555556e+02  -3.8627160e+02   1.0000000e+00   0.0000000e+00
   7.3365060e+02  -5.4734940e+02   1.0000000e+00   0.0000000e+00
   7.2850000e+02  -7.8775610e+02   1.0000000e+00   0.0000000e+00
   1.8651685e+02   3.1621348e+02   0.0000000e+00   1.0000000e+00
   3.0582474e+02   3.1424742e+02   0.0000000e+00   1.0000000e+00
   5.8548421e+02   3.1067368e+02   0.0000000e+00   1.0000000e+00
   8.2261905e+02   3.0720238e+02   0.0000000e+00   1.0000000e+00
   1.0830769e+02   7.3765385e+02   0.0000000e+00   1.0000000e+00
   3.8627160e+02   7.3555556e+02   0.0000000e+00   1.0000000e+00
   5.4734940e+02   7.3365060e+02   0.0000000e+00   1.0000000e+00
   7.8775610e+02   7.2850000e+02   0.0000000e+00   1.0000000e+00
